kernel line : count latency dram_traffic smem_bk_conflicts smem_warp gmem_access_generated gmem_warp exposed_latency warp_divergence
_6.ptx 64 : 512 3072 0 0 0 0 0 0 0 
_3.ptx 65 : 489536 2938112 0 0 0 0 0 0 0 
_6.ptx 65 : 512 3072 0 0 0 0 0 0 0 
_3.ptx 66 : 489536 2938848 0 0 0 0 0 0 0 
_6.ptx 66 : 512 9504 0 0 0 0 0 0 0 
_3.ptx 67 : 489536 9927904 0 0 0 0 0 0 0 
_6.ptx 67 : 512 3072 0 0 0 0 0 0 0 
_3.ptx 68 : 489536 3052544 0 0 0 0 0 0 0 
_6.ptx 68 : 512 5664 0 0 0 0 0 0 0 
_3.ptx 69 : 489536 3107200 0 0 0 0 0 0 0 
_6.ptx 69 : 512 3776 0 0 0 0 0 0 0 
_3.ptx 70 : 489536 10260544 0 0 0 0 0 0 0 
_4.ptx 70 : 5120 30720 0 0 0 0 0 0 0 
_6.ptx 70 : 512 1600 0 0 0 0 0 0 0 
_3.ptx 71 : 489536 3679872 0 0 0 0 0 0 0 
_4.ptx 71 : 5120 30720 0 0 0 0 0 0 0 
_6.ptx 71 : 512 4128 0 0 0 0 0 0 0 
_3.ptx 72 : 489536 5890144 0 0 0 0 0 0 0 
_4.ptx 72 : 5120 95008 0 0 0 0 0 0 0 
_6.ptx 72 : 512 72 0 0 0 0 0 0 1 
_3.ptx 73 : 489536 3742816 0 0 0 0 0 0 0 
_4.ptx 73 : 5120 30720 0 0 0 0 0 0 0 
_6.ptx 73 : 500 3320 0 0 0 0 0 0 0 
_3.ptx 74 : 489536 5793248 0 0 0 0 0 0 0 
_4.ptx 74 : 5120 56672 0 0 0 0 0 0 0 
_6.ptx 74 : 500 6876 0 0 0 0 0 0 0 
_3.ptx 75 : 489536 3065120 0 0 0 0 0 0 0 
_4.ptx 75 : 5120 37536 0 0 0 0 0 0 0 
_6.ptx 75 : 500 3500 0 0 0 0 0 0 0 
_5.ptx 75 : 4096 24576 0 0 0 0 0 0 0 
_3.ptx 76 : 489536 2909280 0 0 0 0 0 0 0 
_4.ptx 76 : 5120 286144 128 0 0 0 0 0 0 
_6.ptx 76 : 500 7268 0 0 0 0 0 0 0 
_5.ptx 76 : 4096 24576 0 0 0 0 0 0 0 
_3.ptx 77 : 489536 4330784 0 0 0 0 0 0 0 
_4.ptx 77 : 5120 41856 0 0 0 0 0 0 0 
_6.ptx 77 : 500 3628 0 0 0 0 0 0 0 
_5.ptx 77 : 4096 76032 0 0 0 0 0 0 0 
_3.ptx 78 : 489536 3913728 0 0 0 0 0 0 0 
_4.ptx 78 : 5120 8704 0 0 0 0 0 0 0 
_6.ptx 78 : 500 1596 0 0 0 0 0 0 0 
_5.ptx 78 : 4096 24576 0 0 0 0 0 0 0 
_3.ptx 79 : 489536 4185952 0 0 0 0 0 0 0 
_4.ptx 79 : 3712 11136 0 0 0 0 0 0 0 
_6.ptx 79 : 500 1680 0 0 0 0 0 0 0 
_5.ptx 79 : 4096 45312 0 0 0 0 0 0 0 
_3.ptx 80 : 489536 3931264 0 0 0 0 0 0 0 
_4.ptx 80 : 3712 22688 0 0 0 0 0 0 0 
_5.ptx 80 : 4096 30528 0 0 0 0 0 0 0 
_3.ptx 81 : 489536 4295744 0 0 0 0 0 0 0 
_4.ptx 81 : 3712 30400 0 0 0 0 0 0 0 
_5.ptx 81 : 4096 12288 0 0 0 0 0 0 0 
_3.ptx 82 : 489536 3417312 0 0 0 0 0 0 0 
_4.ptx 82 : 3712 22848 0 0 0 0 0 0 0 
_6.ptx 82 : 500 5500 0 0 0 0 0 0 0 
_5.ptx 82 : 4096 32768 0 0 0 0 0 0 0 
_3.ptx 83 : 489536 4203424 0 0 0 0 0 0 0 
_4.ptx 83 : 3712 124704 0 0 0 0 0 0 0 
_6.ptx 83 : 500 147112 2048 0 0 16 16 0 0 
_5.ptx 83 : 4096 2720 0 0 0 0 0 0 0 
_3.ptx 84 : 489536 1511400 0 0 0 0 0 0 2006 
_4.ptx 84 : 3712 11136 0 0 0 0 0 0 0 
_6.ptx 84 : 500 3000 0 0 0 0 0 0 0 
_5.ptx 84 : 3680 23840 0 0 0 0 0 0 0 
_3.ptx 85 : 272356 1491905 0 0 0 0 0 0 0 
_4.ptx 85 : 3712 11136 0 0 0 0 0 0 0 
_6.ptx 85 : 500 4052 0 0 0 0 0 0 0 
_5.ptx 85 : 3680 56800 0 0 0 0 0 0 0 
_3.ptx 86 : 272356 1829003 0 0 0 0 0 0 0 
_4.ptx 86 : 3712 11136 0 0 0 0 0 0 0 
_6.ptx 86 : 500 0 0 0 0 0 0 0 0 
_5.ptx 86 : 3680 26912 0 0 0 0 0 0 0 
_3.ptx 87 : 272356 2355718 0 0 0 0 0 0 0 
_5.ptx 87 : 3680 582464 128 0 0 0 0 0 0 
_3.ptx 88 : 272356 0 0 0 0 0 0 0 0 
_6.ptx 88 : 500 1500 0 0 0 0 0 0 0 
_5.ptx 88 : 3680 26400 0 0 0 0 0 0 0 
_3.ptx 89 : 272356 2124218 0 0 0 0 0 0 0 
_6.ptx 89 : 500 5596 0 0 0 0 0 0 0 
_5.ptx 89 : 3680 65920 0 0 0 0 0 0 0 
_3.ptx 90 : 272356 3352472 0 0 0 0 0 0 0 
_4.ptx 90 : 3712 671520 0 0 0 0 0 0 0 
_6.ptx 90 : 500 144316 2048 0 0 16 16 0 0 
_5.ptx 90 : 3680 41088 0 0 0 0 0 0 0 
_3.ptx 91 : 272356 2177734 0 0 0 0 0 0 0 
_4.ptx 91 : 3712 29824 0 0 0 0 0 0 0 
_6.ptx 91 : 500 3000 0 0 0 0 0 0 0 
_5.ptx 91 : 3680 39488 0 0 0 0 0 0 0 
_3.ptx 92 : 272356 3182983 0 0 0 0 0 0 0 
_4.ptx 92 : 3712 617632 0 0 0 0 0 0 0 
_5.ptx 92 : 3680 11040 0 0 0 0 0 0 0 
_3.ptx 93 : 272356 2119097 0 0 0 0 0 0 0 
_4.ptx 93 : 3712 30016 0 0 0 0 0 0 0 
_5.ptx 93 : 3680 11040 0 0 0 0 0 0 0 
_3.ptx 94 : 272356 3195572 0 0 0 0 0 0 0 
_4.ptx 94 : 3712 54624 0 0 0 0 0 0 0 
_5.ptx 94 : 3680 11040 0 0 0 0 0 0 0 
_3.ptx 95 : 272356 1593181 0 0 0 0 0 0 0 
_4.ptx 95 : 3712 55936 0 0 0 0 0 0 0 
_6.ptx 95 : 500 5532 0 0 0 0 0 0 0 
_5.ptx 95 : 3680 11040 0 0 0 0 0 0 0 
_3.ptx 96 : 272356 2113701 0 0 0 0 0 0 0 
_4.ptx 96 : 3712 58336 0 0 0 0 0 0 0 
_6.ptx 96 : 500 2500 2048 0 0 16 16 0 0 
_5.ptx 96 : 3680 11040 0 0 0 0 0 0 0 
_3.ptx 97 : 272356 3343187 0 0 0 0 0 0 0 
_4.ptx 97 : 3712 41312 0 0 0 0 0 0 0 
_6.ptx 97 : 500 5500 0 0 0 0 0 0 0 
_5.ptx 97 : 3680 11040 0 0 0 0 0 0 0 
_3.ptx 98 : 272356 3108583 0 0 0 0 0 0 0 
_4.ptx 98 : 3712 58048 0 0 0 0 0 0 0 
_6.ptx 98 : 500 5052 0 0 0 0 0 0 0 
_5.ptx 98 : 3680 11040 0 0 0 0 0 0 0 
_3.ptx 99 : 272356 1626823 0 0 0 0 0 0 0 
_4.ptx 99 : 3712 41504 0 0 0 0 0 0 0 
_6.ptx 99 : 500 5500 0 0 0 0 0 0 0 
_5.ptx 99 : 3680 11040 0 0 0 0 0 0 0 
_3.ptx 100 : 272356 3474707 0 0 0 0 0 0 0 
_4.ptx 100 : 3712 27488 0 0 0 0 0 0 0 
_6.ptx 100 : 500 4096 0 0 0 0 0 0 0 
_3.ptx 101 : 272356 3139197 0 0 0 0 0 0 0 
_4.ptx 101 : 3712 55936 0 0 0 0 0 0 0 
_6.ptx 101 : 500 0 0 0 0 0 0 0 0 
_3.ptx 102 : 272356 2143525 0 0 0 0 0 0 0 
_4.ptx 102 : 3712 41472 0 0 0 0 0 0 0 
_5.ptx 102 : 3680 714784 0 0 0 0 0 0 0 
_3.ptx 103 : 272356 3229291 0 0 0 0 0 0 0 
_4.ptx 103 : 3712 0 0 0 0 0 0 0 0 
_5.ptx 103 : 3680 30368 0 0 0 0 0 0 0 
_3.ptx 104 : 272356 3122215 0 0 0 0 0 0 0 
_4.ptx 104 : 3712 11136 0 0 0 0 0 0 0 
_6.ptx 104 : 512 3104 0 0 0 0 0 0 0 
_5.ptx 104 : 3680 40800 0 0 0 0 0 0 0 
_3.ptx 105 : 272356 2290426 0 0 0 0 0 0 0 
_4.ptx 105 : 3712 55936 0 0 0 0 0 0 0 
_5.ptx 105 : 3680 29664 0 0 0 0 0 0 0 
_3.ptx 106 : 272356 2083059 0 0 0 0 0 0 0 
_4.ptx 106 : 3712 11136 0 0 0 0 0 0 0 
_5.ptx 106 : 3680 2688 0 0 0 0 0 0 18 
_3.ptx 107 : 272356 3106543 0 0 0 0 0 0 0 
_4.ptx 107 : 3712 41504 0 0 0 0 0 0 0 
_3.ptx 108 : 272356 3105512 0 0 0 0 0 0 0 
_4.ptx 108 : 3712 59744 0 0 0 0 0 0 0 
_5.ptx 108 : 3232 35680 0 0 0 0 0 0 0 
_3.ptx 109 : 272356 87238106 1089664 0 0 18254 10070 0 0 
_4.ptx 109 : 3712 41664 0 0 0 0 0 0 0 
_5.ptx 109 : 3232 499200 0 0 0 0 0 0 0 
_3.ptx 110 : 272356 2061948 0 0 0 0 0 0 0 
_4.ptx 110 : 3712 11136 0 0 0 0 0 0 0 
_5.ptx 110 : 3232 33424 0 0 0 0 0 0 0 
_4.ptx 111 : 3712 66400 0 0 0 0 0 0 0 
_5.ptx 111 : 3232 20288 0 0 0 0 0 0 0 
_4.ptx 112 : 3712 41440 0 0 0 0 0 0 0 
_4.ptx 113 : 3712 11168 0 0 0 0 0 0 0 
_5.ptx 113 : 448 2688 0 0 0 0 0 0 0 
_3.ptx 114 : 2559720 166227455 1817472 0 0 674596 481324 0 0 
_4.ptx 114 : 3712 11168 0 0 0 0 0 0 0 
_3.ptx 115 : 2559720 379669064 240000 0 0 491390 481324 0 0 
_4.ptx 115 : 3712 64544 0 0 0 0 0 0 0 
_5.ptx 115 : 3680 29760 0 0 0 0 0 0 0 
_5.ptx 116 : 3680 40800 0 0 0 0 0 0 0 
_3.ptx 116 : 2559720 23310618 0 0 0 0 0 0 0 
_4.ptx 116 : 3712 42112 0 0 0 0 0 0 0 
_5.ptx 117 : 3680 29856 0 0 0 0 0 0 0 
_3.ptx 117 : 2559720 75357115 0 0 0 712108 481324 0 0 
_4.ptx 117 : 3712 28896 0 0 0 0 0 0 0 
_5.ptx 118 : 3680 2758 0 0 0 0 0 0 115 
_3.ptx 118 : 2559720 26306585 0 0 0 0 0 0 0 
_4.ptx 118 : 3712 58816 0 0 0 0 0 0 0 
_3.ptx 119 : 2559720 26274665 0 0 0 0 0 0 0 
_4.ptx 119 : 3712 43136 0 0 0 0 0 0 0 
_5.ptx 120 : 3240 35968 0 0 0 0 0 0 0 
_3.ptx 120 : 2559720 29156176 0 0 0 0 0 0 0 
_4.ptx 120 : 3712 29952 0 0 0 0 0 0 0 
_6.ptx 120 : 512 3072 0 0 0 0 0 0 0 
_5.ptx 121 : 3240 9720 0 0 0 0 0 0 0 
_3.ptx 121 : 2559720 21565421 0 0 0 0 0 0 0 
_4.ptx 121 : 3712 30176 0 0 0 0 0 0 0 
_6.ptx 121 : 512 3072 0 0 0 0 0 0 0 
_5.ptx 122 : 3240 550356 0 0 0 0 0 0 0 
_3.ptx 122 : 2559720 14555512 0 0 0 0 0 0 0 
_4.ptx 122 : 3712 55328 0 0 0 0 0 0 0 
_6.ptx 122 : 512 9472 0 0 0 0 0 0 0 
_5.ptx 123 : 3240 32738 0 0 0 0 0 0 0 
_4.ptx 123 : 3712 28384 0 0 0 0 0 0 0 
_6.ptx 123 : 512 3072 0 0 0 0 0 0 0 
_5.ptx 124 : 3240 19440 0 0 0 0 0 0 0 
_4.ptx 124 : 3712 46688 0 0 0 0 0 0 0 
_6.ptx 124 : 512 5696 0 0 0 0 0 0 0 
_4.ptx 125 : 3712 27968 0 0 0 0 0 0 0 
_6.ptx 125 : 512 3776 0 0 0 0 0 0 0 
_5.ptx 126 : 440 2676 0 0 0 0 0 0 0 
_3.ptx 126 : 489536 3240032 0 0 0 0 0 0 0 
_4.ptx 126 : 3712 31936 0 0 0 0 0 0 0 
_6.ptx 126 : 512 1536 0 0 0 0 0 0 0 
_6.ptx 127 : 512 4288 0 0 0 0 0 0 0 
_6.ptx 128 : 512 84 0 0 0 0 0 0 1 
_5.ptx 129 : 3680 25760 0 0 0 0 0 0 0 
_4.ptx 129 : 18560 153472 0 0 0 0 0 0 0 
_6.ptx 129 : 500 3604 0 0 0 0 0 0 0 
_5.ptx 130 : 3680 559936 0 0 0 0 0 0 0 
_4.ptx 130 : 18560 219936 0 0 0 0 0 0 0 
_6.ptx 130 : 500 6456 0 0 0 0 0 0 0 
_5.ptx 131 : 3680 37120 0 0 0 0 0 0 0 
_4.ptx 131 : 18560 160384 0 0 0 0 0 0 0 
_6.ptx 131 : 500 3724 0 0 0 0 0 0 0 
_5.ptx 132 : 3680 73760 0 0 0 0 0 0 0 
_4.ptx 132 : 18560 144960 0 0 0 0 0 0 0 
_6.ptx 132 : 500 6540 0 0 0 0 0 0 0 
_5.ptx 133 : 3680 29664 0 0 0 0 0 0 0 
_4.ptx 133 : 18560 170848 0 0 0 0 0 0 0 
_6.ptx 133 : 500 3628 0 0 0 0 0 0 0 
_5.ptx 134 : 3680 0 0 0 0 0 0 0 0 
_4.ptx 134 : 18560 137696 0 0 0 0 0 0 0 
_6.ptx 134 : 500 1500 0 0 0 0 0 0 0 
_5.ptx 135 : 3680 564032 0 0 0 0 0 0 0 
_4.ptx 135 : 18560 158848 0 0 0 0 0 0 0 
_6.ptx 135 : 500 5756 0 0 0 0 0 0 0 
_5.ptx 136 : 3680 11040 0 0 0 0 0 0 0 
_6.ptx 136 : 500 7104 0 0 0 0 0 0 0 
_5.ptx 137 : 3680 560160 0 0 0 0 0 0 0 
_6.ptx 137 : 500 1808 0 0 0 0 0 0 0 
_5.ptx 138 : 3680 29440 0 0 0 0 0 0 0 
_6.ptx 138 : 500 5532 0 0 0 0 0 0 0 
_5.ptx 139 : 3680 40672 0 0 0 0 0 0 0 
_4.ptx 139 : 92800 0 0 0 0 0 0 0 0 
_5.ptx 140 : 3680 40768 0 0 0 0 0 0 0 
_4.ptx 140 : 92800 1085472 0 0 0 0 0 0 0 
_5.ptx 141 : 3680 11040 0 0 0 0 0 0 0 
_4.ptx 141 : 92800 673536 0 0 0 0 0 0 0 
_5.ptx 142 : 3680 59712 0 0 0 0 0 0 0 
_4.ptx 142 : 92800 812416 0 0 0 0 0 0 0 
_6.ptx 142 : 500 145368 2048 0 0 16 16 0 0 
_5.ptx 143 : 3680 93152 0 0 0 0 0 0 0 
_4.ptx 143 : 92800 0 0 0 0 0 0 0 0 
_6.ptx 143 : 500 3000 0 0 0 0 0 0 0 
_3.ptx 144 : 33792 202752 0 0 0 0 0 0 0 
_5.ptx 144 : 3680 26048 0 0 0 0 0 0 0 
_4.ptx 144 : 92800 812608 0 0 0 0 0 0 0 
_6.ptx 144 : 500 10160 0 0 0 0 0 0 0 
_3.ptx 145 : 33792 202752 0 0 0 0 0 0 0 
_5.ptx 145 : 3680 126912 0 0 0 0 0 0 0 
_4.ptx 145 : 92800 0 0 0 0 0 0 0 0 
_6.ptx 145 : 500 2596 2048 0 0 16 16 0 0 
_3.ptx 146 : 33792 703392 0 0 0 0 0 0 0 
_5.ptx 146 : 3680 11040 0 0 0 0 0 0 0 
_4.ptx 146 : 92800 813152 0 0 0 0 0 0 0 
_6.ptx 146 : 500 5564 0 0 0 0 0 0 0 
_3.ptx 147 : 33792 209856 0 0 0 0 0 0 0 
_5.ptx 147 : 3680 40608 0 0 0 0 0 0 0 
_4.ptx 147 : 92800 0 0 0 0 0 0 0 0 
_6.ptx 147 : 500 5564 0 0 0 0 0 0 0 
_3.ptx 148 : 33792 214304 0 0 0 0 0 0 0 
_5.ptx 148 : 3680 11040 0 0 0 0 0 0 0 
_6.ptx 148 : 500 5820 0 0 0 0 0 0 0 
_3.ptx 149 : 33792 744352 0 0 0 0 0 0 0 
_5.ptx 149 : 3680 683744 0 0 0 0 0 0 0 
_4.ptx 149 : 92800 1071168 0 0 0 0 0 0 0 
_6.ptx 149 : 500 4288 0 0 0 0 0 0 0 
_3.ptx 150 : 33792 247840 0 0 0 0 0 0 0 
_5.ptx 150 : 3680 37664 0 0 0 0 0 0 0 
_4.ptx 150 : 92800 1080256 0 0 0 0 0 0 0 
_6.ptx 150 : 500 0 0 0 0 0 0 0 0 
_3.ptx 151 : 33792 397312 0 0 0 0 0 0 0 
_5.ptx 151 : 3680 73856 0 0 0 0 0 0 0 
_4.ptx 151 : 92800 756768 0 0 0 0 0 0 0 
_3.ptx 152 : 33792 241024 0 0 0 0 0 0 0 
_5.ptx 152 : 3680 11040 0 0 0 0 0 0 0 
_4.ptx 152 : 92800 1000800 0 0 0 0 0 0 0 
_3.ptx 153 : 33792 395328 0 0 0 0 0 0 0 
_5.ptx 153 : 3680 40896 0 0 0 0 0 0 0 
_4.ptx 153 : 92800 1080896 0 0 0 0 0 0 0 
_6.ptx 153 : 512 3456 0 0 0 0 0 0 0 
_3.ptx 154 : 33792 101376 0 0 0 0 0 0 0 
_5.ptx 154 : 3680 41088 0 0 0 0 0 0 0 
_4.ptx 154 : 92800 2128128 29440 0 0 6374 2900 0 0 
_3.ptx 155 : 33792 101376 0 0 0 0 0 0 0 
_5.ptx 155 : 3680 30080 0 0 0 0 0 0 0 
_4.ptx 155 : 92800 655232 0 0 0 0 0 0 0 
_3.ptx 156 : 33792 297728 0 0 0 0 0 0 0 
_5.ptx 156 : 3680 22368 0 0 0 0 0 0 0 
_3.ptx 157 : 33792 263072 0 0 0 0 0 0 0 
_5.ptx 157 : 3680 29664 0 0 0 0 0 0 0 
_3.ptx 158 : 33792 285408 0 0 0 0 0 0 0 
_3.ptx 159 : 33792 265504 0 0 0 0 0 0 0 
_3.ptx 160 : 33792 292576 0 0 0 0 0 0 0 
_5.ptx 160 : 3680 0 0 0 0 0 0 0 0 
_4.ptx 160 : 92800 489216 371200 0 0 2900 2900 0 0 
_3.ptx 161 : 33792 227648 0 0 0 0 0 0 0 
_5.ptx 161 : 3680 42560 0 0 0 0 0 0 0 
_4.ptx 161 : 92800 984032 0 0 0 0 0 0 0 
_3.ptx 162 : 33792 287424 0 0 0 0 0 0 0 
_5.ptx 162 : 3680 61152 0 0 0 0 0 0 0 
_4.ptx 162 : 92800 1079808 0 0 0 0 0 0 0 
_3.ptx 163 : 33792 205218 0 0 0 0 0 0 89 
_5.ptx 163 : 3680 42752 0 0 0 0 0 0 0 
_4.ptx 163 : 92800 815936 0 0 0 0 0 0 0 
_3.ptx 164 : 3700 16944 0 0 0 0 0 0 0 
_5.ptx 164 : 3680 72640 0 0 0 0 0 0 0 
_4.ptx 164 : 92800 538464 0 0 0 0 0 0 0 
_3.ptx 165 : 3700 23794 0 0 0 0 0 0 0 
_5.ptx 165 : 3680 43616 0 0 0 0 0 0 0 
_4.ptx 165 : 18560 215296 0 0 0 0 0 0 0 
_3.ptx 166 : 3700 31842 0 0 0 0 0 0 0 
_5.ptx 166 : 3680 31296 0 0 0 0 0 0 0 
_4.ptx 166 : 18560 198144 0 0 0 0 0 0 0 
_3.ptx 167 : 3700 0 0 0 0 0 0 0 0 
_5.ptx 167 : 3680 68224 0 0 0 0 0 0 0 
_4.ptx 167 : 18560 216096 0 0 0 0 0 0 0 
_3.ptx 168 : 3700 28326 0 0 0 0 0 0 0 
_5.ptx 168 : 3680 42560 0 0 0 0 0 0 0 
_4.ptx 168 : 18560 206336 0 0 0 0 0 0 0 
_3.ptx 169 : 3700 28428 0 0 0 0 0 0 0 
_5.ptx 169 : 3680 31360 0 0 0 0 0 0 0 
_4.ptx 169 : 18560 163264 0 0 0 0 0 0 0 
_3.ptx 170 : 3700 72140 0 0 0 0 0 0 0 
_4.ptx 170 : 18560 108800 0 0 0 0 0 0 0 
_3.ptx 171 : 3700 26578 0 0 0 0 0 0 0 
_3.ptx 172 : 3700 86516 0 0 0 0 0 0 0 
_5.ptx 172 : 3680 42784 0 0 0 0 0 0 0 
_4.ptx 172 : 3712 41536 0 0 0 0 0 0 0 
_3.ptx 173 : 3700 21946 0 0 0 0 0 0 0 
_5.ptx 173 : 3680 981920 3840 0 0 145 115 0 0 
_4.ptx 173 : 3712 30944 0 0 0 0 0 0 0 
_3.ptx 174 : 3700 27364 0 0 0 0 0 0 0 
_5.ptx 174 : 3680 29632 0 0 0 0 0 0 0 
_4.ptx 174 : 3712 0 0 0 0 0 0 0 0 
_3.ptx 175 : 3700 87726 0 0 0 0 0 0 0 
_5.ptx 175 : 3680 22228 0 0 0 0 0 0 18 
_3.ptx 176 : 3700 41300 0 0 0 0 0 0 0 
_3.ptx 177 : 3700 17900 0 0 0 0 0 0 0 
_5.ptx 177 : 18 199 0 0 0 0 0 0 0 
_4.ptx 177 : 5120 32992 0 0 0 0 0 0 0 
_3.ptx 178 : 3700 27726 0 0 0 0 0 0 0 
_5.ptx 178 : 18 5100 1536 0 0 18 18 0 0 
_3.ptx 179 : 3700 86050 0 0 0 0 0 0 0 
_5.ptx 179 : 18 198 0 0 0 0 0 0 0 
_3.ptx 180 : 3700 41316 0 0 0 0 0 0 0 
_3.ptx 181 : 3700 25476 0 0 0 0 0 0 0 
_5.ptx 181 : 3680 40384 0 0 0 0 0 0 0 
_3.ptx 182 : 3700 83338 0 0 0 0 0 0 0 
_5.ptx 182 : 3680 40544 0 0 0 0 0 0 0 
_3.ptx 183 : 3700 41774 0 0 0 0 0 0 0 
_5.ptx 183 : 3680 35072 0 0 0 0 0 0 0 
_3.ptx 184 : 3700 27914 0 0 0 0 0 0 0 
_5.ptx 184 : 3680 0 0 0 0 0 0 0 0 
_3.ptx 185 : 3700 72428 0 0 0 0 0 0 0 
_3.ptx 186 : 3700 41384 0 0 0 0 0 0 0 
_5.ptx 186 : 3680 41984 0 0 0 0 0 0 0 
_3.ptx 187 : 3700 1149640 14848 0 0 257 153 0 0 
_5.ptx 187 : 3680 32832 0 0 0 0 0 0 0 
_3.ptx 188 : 3700 24626 0 0 0 0 0 0 0 
_5.ptx 188 : 3680 0 0 0 0 0 0 0 0 
_3.ptx 189 : 3700 28632 0 0 0 0 0 0 0 
_5.ptx 189 : 3680 27232 0 0 0 0 0 0 0 
_3.ptx 193 : 492800 63248978 56448 0 0 35680 22592 0 0 
_3.ptx 194 : 492800 77446428 86400 0 0 22592 22592 0 0 
_5.ptx 194 : 3680 19584 14720 0 0 115 115 0 0 
_3.ptx 195 : 492800 4500614 0 0 0 0 0 0 0 
_5.ptx 195 : 3680 41344 0 0 0 0 0 0 0 
_3.ptx 196 : 492800 7650086 0 0 0 35392 22592 0 0 
_5.ptx 196 : 3680 41664 0 0 0 0 0 0 0 
_3.ptx 197 : 492800 5240916 0 0 0 0 0 0 0 
_5.ptx 197 : 3680 30496 0 0 0 0 0 0 0 
_3.ptx 198 : 492800 5637082 0 0 0 0 0 0 0 
_5.ptx 198 : 3680 0 0 0 0 0 0 0 0 
_3.ptx 199 : 492800 5701406 0 0 0 0 0 0 0 
_3.ptx 200 : 492800 4322494 0 0 0 0 0 0 0 
_3.ptx 201 : 492800 3330576 0 0 0 0 0 0 0 
_5.ptx 201 : 4096 25024 0 0 0 0 0 0 0 
_3.ptx 205 : 33792 215552 0 0 0 0 0 0 0 
_3.ptx 223 : 51200 307200 0 0 0 0 0 0 0 
_3.ptx 224 : 51200 307200 0 0 0 0 0 0 0 
_3.ptx 225 : 51200 1052128 0 0 0 0 0 0 0 
_3.ptx 226 : 51200 318112 0 0 0 0 0 0 0 
_5.ptx 226 : 4096 24576 0 0 0 0 0 0 0 
_3.ptx 227 : 51200 325536 0 0 0 0 0 0 0 
_5.ptx 227 : 4096 24576 0 0 0 0 0 0 0 
_3.ptx 228 : 51200 1064768 0 0 0 0 0 0 0 
_5.ptx 228 : 4096 75840 0 0 0 0 0 0 0 
_3.ptx 229 : 51200 379648 0 0 0 0 0 0 0 
_5.ptx 229 : 4096 24576 0 0 0 0 0 0 0 
_3.ptx 230 : 51200 615264 0 0 0 0 0 0 0 
_5.ptx 230 : 4096 45632 0 0 0 0 0 0 0 
_3.ptx 231 : 51200 391488 0 0 0 0 0 0 0 
_5.ptx 231 : 4096 30400 0 0 0 0 0 0 0 
_3.ptx 232 : 51200 605856 0 0 0 0 0 0 0 
_5.ptx 232 : 4096 12288 0 0 0 0 0 0 0 
_3.ptx 233 : 51200 179008 0 0 0 0 0 0 0 
_5.ptx 233 : 4096 33664 0 0 0 0 0 0 0 
_3.ptx 234 : 51200 171360 0 0 0 0 0 0 0 
_5.ptx 234 : 4096 2592 0 0 0 0 0 0 0 
_3.ptx 235 : 51200 453760 0 0 0 0 0 0 0 
_5.ptx 235 : 3680 24384 0 0 0 0 0 0 0 
_3.ptx 236 : 51200 399200 0 0 0 0 0 0 0 
_5.ptx 236 : 3680 55328 0 0 0 0 0 0 0 
_3.ptx 237 : 51200 434272 0 0 0 0 0 0 0 
_5.ptx 237 : 3680 26688 0 0 0 0 0 0 0 
_3.ptx 238 : 51200 407072 0 0 0 0 0 0 0 
_5.ptx 238 : 3680 60480 0 0 0 0 0 0 0 
_3.ptx 239 : 51200 445248 0 0 0 0 0 0 0 
_5.ptx 239 : 3680 26496 0 0 0 0 0 0 0 
_3.ptx 240 : 51200 344576 0 0 0 0 0 0 0 
_5.ptx 240 : 3680 11040 0 0 0 0 0 0 0 
_3.ptx 241 : 51200 434752 0 0 0 0 0 0 0 
_5.ptx 241 : 3680 40640 0 0 0 0 0 0 0 
_3.ptx 242 : 51200 315624 0 0 0 0 0 0 32 
_5.ptx 242 : 3680 64928 0 0 0 0 0 0 0 
_3.ptx 243 : 4896 25888 0 0 0 0 0 0 0 
_5.ptx 243 : 3680 11040 0 0 0 0 0 0 0 
_3.ptx 244 : 4896 30789 0 0 0 0 0 0 0 
_5.ptx 244 : 3680 40640 0 0 0 0 0 0 0 
_3.ptx 245 : 4896 42092 0 0 0 0 0 0 0 
_5.ptx 245 : 3680 11040 0 0 0 0 0 0 0 
_3.ptx 246 : 4896 0 0 0 0 0 0 0 0 
_5.ptx 246 : 3680 11040 0 0 0 0 0 0 0 
_3.ptx 247 : 4896 36322 0 0 0 0 0 0 0 
_5.ptx 247 : 3680 11040 0 0 0 0 0 0 0 
_3.ptx 248 : 4896 96784 0 0 0 0 0 0 0 
_5.ptx 248 : 3680 11040 0 0 0 0 0 0 0 
_3.ptx 249 : 4896 103088 0 0 0 0 0 0 0 
_5.ptx 249 : 3680 11040 0 0 0 0 0 0 0 
_3.ptx 250 : 4896 36442 0 0 0 0 0 0 0 
_5.ptx 250 : 3680 11040 0 0 0 0 0 0 0 
_3.ptx 251 : 4896 54433 0 0 0 0 0 0 0 
_3.ptx 252 : 4896 32413 0 0 0 0 0 0 0 
_3.ptx 253 : 4896 35948 0 0 0 0 0 0 0 
_3.ptx 254 : 4896 108858 0 0 0 0 0 0 0 
_5.ptx 254 : 3680 646432 0 0 0 0 0 0 0 
_3.ptx 255 : 4896 54469 0 0 0 0 0 0 0 
_5.ptx 255 : 3680 30016 0 0 0 0 0 0 0 
_3.ptx 256 : 4896 26013 0 0 0 0 0 0 0 
_5.ptx 256 : 3680 41792 0 0 0 0 0 0 0 
_3.ptx 257 : 4896 91989 0 0 0 0 0 0 0 
_5.ptx 257 : 3680 40704 0 0 0 0 0 0 0 
_3.ptx 258 : 4896 54568 0 0 0 0 0 0 0 
_5.ptx 258 : 3680 22784 0 0 0 0 0 0 0 
_3.ptx 259 : 4896 37018 0 0 0 0 0 0 0 
_5.ptx 259 : 3680 73824 0 0 0 0 0 0 0 
_3.ptx 260 : 4896 88640 0 0 0 0 0 0 0 
_5.ptx 260 : 3680 32160 0 0 0 0 0 0 0 
_3.ptx 261 : 4896 55041 0 0 0 0 0 0 0 
_5.ptx 261 : 3680 44416 0 0 0 0 0 0 0 
_3.ptx 262 : 4896 215717 0 0 0 0 0 0 0 
_5.ptx 262 : 3680 77056 0 0 0 0 0 0 0 
_3.ptx 263 : 4896 36709 0 0 0 0 0 0 0 
_5.ptx 263 : 3680 31072 0 0 0 0 0 0 0 
_3.ptx 264 : 4896 74675 0 0 0 0 0 0 0 
_5.ptx 264 : 3680 0 0 0 0 0 0 0 0 
_3.ptx 265 : 4896 54934 0 0 0 0 0 0 0 
_5.ptx 265 : 3680 676000 0 0 0 0 0 0 0 
_3.ptx 266 : 4896 1591201 26752 0 0 296 160 0 0 
_5.ptx 266 : 3680 11040 0 0 0 0 0 0 0 
_3.ptx 267 : 4896 35599 0 0 0 0 0 0 0 
_5.ptx 267 : 3680 560800 0 0 0 0 0 0 0 
_5.ptx 268 : 3680 29440 0 0 0 0 0 0 0 
_5.ptx 269 : 3680 43808 0 0 0 0 0 0 0 
_5.ptx 270 : 3680 41344 0 0 0 0 0 0 0 
_3.ptx 271 : 220800 10987723 15104 0 0 7040 7040 0 0 
_5.ptx 271 : 3680 11040 0 0 0 0 0 0 0 
_3.ptx 272 : 220800 15537734 1920 0 0 215040 7040 0 0 
_5.ptx 272 : 3680 11040 0 0 0 0 0 0 0 
_3.ptx 273 : 220800 1987792 0 0 0 0 0 0 0 
_5.ptx 273 : 3680 42752 0 0 0 0 0 0 0 
_3.ptx 274 : 220800 11335112 0 0 0 13120 7040 0 0 
_5.ptx 274 : 3680 44288 0 0 0 0 0 0 0 
_3.ptx 275 : 220800 2209836 0 0 0 0 0 0 0 
_5.ptx 275 : 3680 28608 0 0 0 0 0 0 0 
_3.ptx 276 : 220800 2211405 0 0 0 0 0 0 0 
_5.ptx 276 : 3680 46080 0 0 0 0 0 0 0 
_3.ptx 277 : 220800 2213954 0 0 0 0 0 0 0 
_5.ptx 277 : 3680 42176 0 0 0 0 0 0 0 
_3.ptx 278 : 220800 1768961 0 0 0 0 0 0 0 
_5.ptx 278 : 3680 32480 0 0 0 0 0 0 0 
_3.ptx 279 : 220800 1296373 0 0 0 0 0 0 0 
_5.ptx 279 : 3680 58720 0 0 0 0 0 0 0 
_5.ptx 280 : 3680 42912 0 0 0 0 0 0 0 
_5.ptx 281 : 3680 45056 0 0 0 0 0 0 0 
_5.ptx 282 : 3680 79712 0 0 0 0 0 0 0 
_3.ptx 283 : 51200 325568 0 0 0 0 0 0 0 
_5.ptx 283 : 3680 48448 0 0 0 0 0 0 0 
_5.ptx 284 : 3680 32608 0 0 0 0 0 0 0 
_5.ptx 285 : 3680 79744 0 0 0 0 0 0 0 
_5.ptx 286 : 3680 36000 0 0 0 0 0 0 0 
_5.ptx 287 : 3680 30464 0 0 0 0 0 0 0 
_5.ptx 288 : 3680 30656 0 0 0 0 0 0 0 
_5.ptx 289 : 3680 32288 0 0 0 0 0 0 0 
_5.ptx 292 : 7360 0 0 0 0 0 0 0 0 
_5.ptx 293 : 7360 84480 0 0 0 0 0 0 0 
_5.ptx 294 : 7360 95200 0 0 0 0 0 0 0 
_5.ptx 295 : 7360 86528 0 0 0 0 0 0 0 
_5.ptx 296 : 7360 86336 0 0 0 0 0 0 0 
_5.ptx 297 : 7360 62816 0 0 0 0 0 0 0 
_5.ptx 298 : 7360 95072 0 0 0 0 0 0 0 
_5.ptx 299 : 7360 85632 0 0 0 0 0 0 0 
_3.ptx 300 : 21568 131200 0 0 0 0 0 0 0 
_5.ptx 300 : 7360 63424 0 0 0 0 0 0 0 
_3.ptx 301 : 21568 131904 0 0 0 0 0 0 0 
_3.ptx 302 : 21568 325312 0 0 0 0 0 0 0 
_3.ptx 303 : 21568 130016 0 0 0 0 0 0 0 
_5.ptx 303 : 14720 1849056 58880 0 0 2080 460 0 0 
_3.ptx 304 : 21568 131040 0 0 0 0 0 0 0 
_5.ptx 304 : 14720 125856 0 0 0 0 0 0 0 
_3.ptx 305 : 21568 385152 0 0 0 0 0 0 0 
_5.ptx 305 : 14720 61563 0 0 0 0 0 0 342 
_3.ptx 306 : 21568 143808 0 0 0 0 0 0 0 
_3.ptx 307 : 21568 259680 0 0 0 0 0 0 0 
_5.ptx 307 : 5925 45927 0 0 0 0 0 0 0 
_3.ptx 308 : 21568 160416 0 0 0 0 0 0 0 
_3.ptx 309 : 21568 250048 0 0 0 0 0 0 0 
_5.ptx 309 : 5925 46185 0 0 0 0 0 0 0 
_3.ptx 310 : 21568 74112 0 0 0 0 0 0 0 
_3.ptx 311 : 21568 73056 0 0 0 0 0 0 0 
_5.ptx 311 : 14720 158464 0 0 0 0 0 0 0 
_3.ptx 312 : 21568 176256 0 0 0 0 0 0 0 
_5.ptx 312 : 14720 159072 0 0 0 0 0 0 0 
_3.ptx 313 : 21568 156928 0 0 0 0 0 0 0 
_5.ptx 313 : 14720 128192 0 0 0 0 0 0 0 
_3.ptx 314 : 21568 178016 0 0 0 0 0 0 0 
_5.ptx 314 : 14720 50912 0 0 0 0 0 0 0 
_3.ptx 315 : 21568 160928 0 0 0 0 0 0 0 
_3.ptx 316 : 21568 182560 0 0 0 0 0 0 0 
_5.ptx 316 : 7360 80096 0 0 0 0 0 0 0 
_3.ptx 317 : 21568 137696 0 0 0 0 0 0 0 
_5.ptx 317 : 7360 64096 0 0 0 0 0 0 0 
_3.ptx 318 : 21568 179168 0 0 0 0 0 0 0 
_5.ptx 318 : 7360 25760 0 0 0 0 0 0 0 
_3.ptx 319 : 21568 42808 0 0 0 0 0 0 162 
_5.ptx 319 : 3680 25216 0 0 0 0 0 0 0 
_3.ptx 321 : 14736 46016 0 0 0 0 0 0 0 
_3.ptx 322 : 14736 169600 0 0 0 0 0 0 0 
_3.ptx 323 : 14736 164944 0 0 0 0 0 0 0 
_3.ptx 324 : 14736 108832 0 0 0 0 0 0 0 
_3.ptx 325 : 14736 162920 0 0 0 0 0 0 0 
_5.ptx 325 : 3680 20224 14720 0 0 115 115 0 0 
_3.ptx 326 : 14736 164088 0 0 0 0 0 0 0 
_3.ptx 327 : 14736 6070808 59136 0 0 1818 546 0 0 
_5.ptx 327 : 3680 20064 14720 0 0 115 115 0 0 
_3.ptx 328 : 14736 433464 0 0 0 0 0 0 0 
_5.ptx 328 : 3680 42016 0 0 0 0 0 0 0 
_3.ptx 329 : 14736 105272 0 0 0 0 0 0 0 
_5.ptx 329 : 3680 42240 0 0 0 0 0 0 0 
_3.ptx 330 : 14736 153208 0 0 0 0 0 0 0 
_5.ptx 330 : 3680 42656 0 0 0 0 0 0 0 
_3.ptx 331 : 14736 163040 0 0 0 0 0 0 0 
_5.ptx 331 : 3680 31616 0 0 0 0 0 0 0 
_3.ptx 332 : 14736 3601360 896 0 0 690 546 0 0 
_5.ptx 332 : 3680 0 0 0 0 0 0 0 0 
_3.ptx 333 : 14736 162800 0 0 0 0 0 0 0 
_3.ptx 334 : 14736 461688 0 0 0 1818 546 0 0 
_5.ptx 335 : 4096 28576 0 0 0 0 0 0 0 
_3.ptx 337 : 21568 130176 0 0 0 0 0 0 0 
_3.ptx 354 : 16384 98304 0 0 0 0 0 0 0 
_3.ptx 355 : 16384 98304 0 0 0 0 0 0 0 
_3.ptx 356 : 16384 327040 0 0 0 0 0 0 0 
_3.ptx 357 : 16384 101728 0 0 0 0 0 0 0 
_3.ptx 358 : 16384 190592 0 0 0 0 0 0 0 
_3.ptx 359 : 16384 135264 0 0 0 0 0 0 0 
_3.ptx 360 : 16384 49152 0 0 0 0 0 0 0 
_3.ptx 361 : 16384 133120 0 0 0 0 0 0 0 
_3.ptx 362 : 16384 98184 0 0 0 0 0 0 4 
_3.ptx 363 : 580 1740 0 0 0 0 0 0 0 
_3.ptx 364 : 580 3544 0 0 0 0 0 0 0 
_3.ptx 365 : 580 8612 0 0 0 0 0 0 0 
_3.ptx 366 : 580 4156 0 0 0 0 0 0 0 
_3.ptx 367 : 580 10028 0 0 0 0 0 0 0 
_3.ptx 368 : 580 1740 0 0 0 0 0 0 0 
_3.ptx 369 : 580 4156 0 0 0 0 0 0 0 
_3.ptx 370 : 580 11514 0 0 0 0 0 0 0 
_3.ptx 371 : 580 6412 0 0 0 0 0 0 0 
_3.ptx 372 : 580 11880 0 0 0 0 0 0 0 
_3.ptx 373 : 580 4124 0 0 0 0 0 0 0 
_3.ptx 374 : 580 1740 0 0 0 0 0 0 0 
_3.ptx 375 : 580 11980 0 0 0 0 0 0 0 
_3.ptx 376 : 580 4092 0 0 0 0 0 0 0 
_3.ptx 377 : 580 8786 0 0 0 0 0 0 0 
_3.ptx 378 : 580 6412 0 0 0 0 0 0 0 
_3.ptx 379 : 580 10588 0 0 0 0 0 0 0 
_3.ptx 383 : 580 5348 0 0 0 20 20 0 0 
_3.ptx 384 : 580 177436 4864 0 0 87 20 0 0 
_3.ptx 385 : 580 6444 0 0 0 0 0 0 0 
_3.ptx 386 : 580 6722 0 0 0 87 20 0 0 
_3.ptx 387 : 580 6412 0 0 0 0 0 0 0 
_3.ptx 388 : 580 6444 0 0 0 0 0 0 0 
_3.ptx 389 : 580 6528 0 0 0 0 0 0 0 
_3.ptx 390 : 580 4832 0 0 0 0 0 0 0 
_3.ptx 391 : 580 0 0 0 0 0 0 0 0 
_3.ptx 394 : 16384 99552 0 0 0 0 0 0 0 
