kernel line : count latency dram_traffic smem_bk_conflicts smem_warp gmem_access_generated gmem_warp exposed_latency warp_divergence
_6.ptx 64 : 512 3072 0 0 0 0 0 0 0 
_3.ptx 65 : 489536 2938240 0 0 0 0 0 0 0 
_6.ptx 65 : 512 3072 0 0 0 0 0 0 0 
_3.ptx 66 : 489536 2938944 0 0 0 0 0 0 0 
_6.ptx 66 : 512 9504 0 0 0 0 0 0 0 
_3.ptx 67 : 489536 9915808 0 0 0 0 0 0 0 
_6.ptx 67 : 512 3072 0 0 0 0 0 0 0 
_3.ptx 68 : 489536 3051168 0 0 0 0 0 0 0 
_6.ptx 68 : 512 5664 0 0 0 0 0 0 0 
_3.ptx 69 : 489536 3119424 0 0 0 0 0 0 0 
_6.ptx 69 : 512 3744 0 0 0 0 0 0 0 
_3.ptx 70 : 489536 10280576 0 0 0 0 0 0 0 
_4.ptx 70 : 5120 30720 0 0 0 0 0 0 0 
_6.ptx 70 : 512 1600 0 0 0 0 0 0 0 
_3.ptx 71 : 489536 3689696 0 0 0 0 0 0 0 
_4.ptx 71 : 5120 30720 0 0 0 0 0 0 0 
_6.ptx 71 : 512 4160 0 0 0 0 0 0 0 
_3.ptx 72 : 489536 5894880 0 0 0 0 0 0 0 
_4.ptx 72 : 5120 95008 0 0 0 0 0 0 0 
_6.ptx 72 : 512 72 0 0 0 0 0 0 1 
_3.ptx 73 : 489536 3750432 0 0 0 0 0 0 0 
_4.ptx 73 : 5120 30720 0 0 0 0 0 0 0 
_6.ptx 73 : 500 3288 0 0 0 0 0 0 0 
_3.ptx 74 : 489536 5785088 0 0 0 0 0 0 0 
_4.ptx 74 : 5120 56704 0 0 0 0 0 0 0 
_6.ptx 74 : 500 6908 0 0 0 0 0 0 0 
_3.ptx 75 : 489536 2795072 0 0 0 0 0 0 0 
_4.ptx 75 : 5120 37504 0 0 0 0 0 0 0 
_6.ptx 75 : 500 3500 0 0 0 0 0 0 0 
_5.ptx 75 : 4096 24576 0 0 0 0 0 0 0 
_3.ptx 76 : 489536 2687488 0 0 0 0 0 0 0 
_4.ptx 76 : 5120 193984 128 0 0 0 0 0 0 
_6.ptx 76 : 500 7216 0 0 0 0 0 0 0 
_5.ptx 76 : 4096 24576 0 0 0 0 0 0 0 
_3.ptx 77 : 489536 4344224 0 0 0 0 0 0 0 
_4.ptx 77 : 5120 41728 0 0 0 0 0 0 0 
_6.ptx 77 : 500 3628 0 0 0 0 0 0 0 
_5.ptx 77 : 4096 76032 0 0 0 0 0 0 0 
_3.ptx 78 : 489536 3934016 0 0 0 0 0 0 0 
_4.ptx 78 : 5120 8640 0 0 0 0 0 0 0 
_6.ptx 78 : 500 1596 0 0 0 0 0 0 0 
_5.ptx 78 : 4096 24576 0 0 0 0 0 0 0 
_3.ptx 79 : 489536 4192864 0 0 0 0 0 0 0 
_4.ptx 79 : 3712 11136 0 0 0 0 0 0 0 
_6.ptx 79 : 500 1628 0 0 0 0 0 0 0 
_5.ptx 79 : 4096 45376 0 0 0 0 0 0 0 
_3.ptx 80 : 489536 3943840 0 0 0 0 0 0 0 
_4.ptx 80 : 3712 22624 0 0 0 0 0 0 0 
_5.ptx 80 : 4096 30336 0 0 0 0 0 0 0 
_3.ptx 81 : 489536 4294368 0 0 0 0 0 0 0 
_4.ptx 81 : 3712 30240 0 0 0 0 0 0 0 
_5.ptx 81 : 4096 12288 0 0 0 0 0 0 0 
_3.ptx 82 : 489536 3416960 0 0 0 0 0 0 0 
_4.ptx 82 : 3712 22752 0 0 0 0 0 0 0 
_6.ptx 82 : 500 5564 0 0 0 0 0 0 0 
_5.ptx 82 : 4096 32768 0 0 0 0 0 0 0 
_3.ptx 83 : 489536 4224480 0 0 0 0 0 0 0 
_4.ptx 83 : 3712 126432 0 0 0 0 0 0 0 
_6.ptx 83 : 500 92992 2048 0 0 16 16 0 0 
_5.ptx 83 : 4096 2720 0 0 0 0 0 0 0 
_3.ptx 84 : 489536 1512171 0 0 0 0 0 0 2006 
_4.ptx 84 : 3712 11136 0 0 0 0 0 0 0 
_6.ptx 84 : 500 3000 0 0 0 0 0 0 0 
_5.ptx 84 : 3680 23840 0 0 0 0 0 0 0 
_3.ptx 85 : 272356 1195674 0 0 0 0 0 0 0 
_4.ptx 85 : 3712 11136 0 0 0 0 0 0 0 
_6.ptx 85 : 500 4000 0 0 0 0 0 0 0 
_5.ptx 85 : 3680 58080 0 0 0 0 0 0 0 
_3.ptx 86 : 272356 1834995 0 0 0 0 0 0 0 
_4.ptx 86 : 3712 11136 0 0 0 0 0 0 0 
_6.ptx 86 : 500 0 0 0 0 0 0 0 0 
_5.ptx 86 : 3680 26912 0 0 0 0 0 0 0 
_3.ptx 87 : 272356 2370376 0 0 0 0 0 0 0 
_5.ptx 87 : 3680 503776 128 0 0 0 0 0 0 
_3.ptx 88 : 272356 0 0 0 0 0 0 0 0 
_6.ptx 88 : 500 1500 0 0 0 0 0 0 0 
_5.ptx 88 : 3680 26464 0 0 0 0 0 0 0 
_3.ptx 89 : 272356 2136947 0 0 0 0 0 0 0 
_6.ptx 89 : 500 5660 0 0 0 0 0 0 0 
_5.ptx 89 : 3680 68224 0 0 0 0 0 0 0 
_3.ptx 90 : 272356 3364640 0 0 0 0 0 0 0 
_4.ptx 90 : 3712 669696 0 0 0 0 0 0 0 
_6.ptx 90 : 500 89408 2048 0 0 16 16 0 0 
_5.ptx 90 : 3680 41152 0 0 0 0 0 0 0 
_3.ptx 91 : 272356 2203179 0 0 0 0 0 0 0 
_4.ptx 91 : 3712 29952 0 0 0 0 0 0 0 
_6.ptx 91 : 500 3032 0 0 0 0 0 0 0 
_5.ptx 91 : 3680 39328 0 0 0 0 0 0 0 
_3.ptx 92 : 272356 3203757 0 0 0 0 0 0 0 
_4.ptx 92 : 3712 574240 0 0 0 0 0 0 0 
_5.ptx 92 : 3680 11040 0 0 0 0 0 0 0 
_3.ptx 93 : 272356 2140456 0 0 0 0 0 0 0 
_4.ptx 93 : 3712 29760 0 0 0 0 0 0 0 
_5.ptx 93 : 3680 11040 0 0 0 0 0 0 0 
_3.ptx 94 : 272356 3202234 0 0 0 0 0 0 0 
_4.ptx 94 : 3712 54624 0 0 0 0 0 0 0 
_5.ptx 94 : 3680 11040 0 0 0 0 0 0 0 
_3.ptx 95 : 272356 1194787 0 0 0 0 0 0 0 
_4.ptx 95 : 3712 55488 0 0 0 0 0 0 0 
_6.ptx 95 : 500 5532 0 0 0 0 0 0 0 
_5.ptx 95 : 3680 11040 0 0 0 0 0 0 0 
_3.ptx 96 : 272356 2141004 0 0 0 0 0 0 0 
_4.ptx 96 : 3712 58848 0 0 0 0 0 0 0 
_6.ptx 96 : 500 2500 2048 0 0 16 16 0 0 
_5.ptx 96 : 3680 11040 0 0 0 0 0 0 0 
_3.ptx 97 : 272356 3366514 0 0 0 0 0 0 0 
_4.ptx 97 : 3712 41344 0 0 0 0 0 0 0 
_6.ptx 97 : 500 5616 0 0 0 0 0 0 0 
_5.ptx 97 : 3680 11040 0 0 0 0 0 0 0 
_3.ptx 98 : 272356 3119668 0 0 0 0 0 0 0 
_4.ptx 98 : 3712 57536 0 0 0 0 0 0 0 
_6.ptx 98 : 500 5064 0 0 0 0 0 0 0 
_5.ptx 98 : 3680 11040 0 0 0 0 0 0 0 
_3.ptx 99 : 272356 1230055 0 0 0 0 0 0 0 
_4.ptx 99 : 3712 41280 0 0 0 0 0 0 0 
_6.ptx 99 : 500 5532 0 0 0 0 0 0 0 
_5.ptx 99 : 3680 11040 0 0 0 0 0 0 0 
_3.ptx 100 : 272356 3499621 0 0 0 0 0 0 0 
_4.ptx 100 : 3712 27296 0 0 0 0 0 0 0 
_6.ptx 100 : 500 4128 0 0 0 0 0 0 0 
_3.ptx 101 : 272356 3155063 0 0 0 0 0 0 0 
_4.ptx 101 : 3712 55712 0 0 0 0 0 0 0 
_6.ptx 101 : 500 0 0 0 0 0 0 0 0 
_3.ptx 102 : 272356 2167435 0 0 0 0 0 0 0 
_4.ptx 102 : 3712 41088 0 0 0 0 0 0 0 
_5.ptx 102 : 3680 715008 0 0 0 0 0 0 0 
_3.ptx 103 : 272356 3258521 0 0 0 0 0 0 0 
_4.ptx 103 : 3712 0 0 0 0 0 0 0 0 
_5.ptx 103 : 3680 30336 0 0 0 0 0 0 0 
_3.ptx 104 : 272356 3148533 0 0 0 0 0 0 0 
_4.ptx 104 : 3712 11136 0 0 0 0 0 0 0 
_6.ptx 104 : 512 3136 0 0 0 0 0 0 0 
_5.ptx 104 : 3680 40928 0 0 0 0 0 0 0 
_3.ptx 105 : 272356 1762269 0 0 0 0 0 0 0 
_4.ptx 105 : 3712 56384 0 0 0 0 0 0 0 
_5.ptx 105 : 3680 29632 0 0 0 0 0 0 0 
_3.ptx 106 : 272356 2093161 0 0 0 0 0 0 0 
_4.ptx 106 : 3712 11136 0 0 0 0 0 0 0 
_5.ptx 106 : 3680 2688 0 0 0 0 0 0 18 
_3.ptx 107 : 272356 3104059 0 0 0 0 0 0 0 
_4.ptx 107 : 3712 41216 0 0 0 0 0 0 0 
_3.ptx 108 : 272356 3116267 0 0 0 0 0 0 0 
_4.ptx 108 : 3712 60128 0 0 0 0 0 0 0 
_5.ptx 108 : 3232 35712 0 0 0 0 0 0 0 
_3.ptx 109 : 272356 55762261 1089664 0 0 18254 10070 0 0 
_4.ptx 109 : 3712 41344 0 0 0 0 0 0 0 
_5.ptx 109 : 3232 500160 0 0 0 0 0 0 0 
_3.ptx 110 : 272356 2077087 0 0 0 0 0 0 0 
_4.ptx 110 : 3712 11136 0 0 0 0 0 0 0 
_5.ptx 110 : 3232 33280 0 0 0 0 0 0 0 
_4.ptx 111 : 3712 70144 0 0 0 0 0 0 0 
_5.ptx 111 : 3232 20400 0 0 0 0 0 0 0 
_4.ptx 112 : 3712 41152 0 0 0 0 0 0 0 
_4.ptx 113 : 3712 11136 0 0 0 0 0 0 0 
_5.ptx 113 : 448 2720 0 0 0 0 0 0 0 
_3.ptx 114 : 2559720 141875662 1813120 0 0 674596 481324 0 0 
_4.ptx 114 : 3712 11136 0 0 0 0 0 0 0 
_3.ptx 115 : 2559720 312836021 239616 0 0 491390 481324 0 0 
_4.ptx 115 : 3712 65120 0 0 0 0 0 0 0 
_5.ptx 115 : 3680 29696 0 0 0 0 0 0 0 
_5.ptx 116 : 3680 40640 0 0 0 0 0 0 0 
_3.ptx 116 : 2559720 23377490 0 0 0 0 0 0 0 
_4.ptx 116 : 3712 41536 0 0 0 0 0 0 0 
_5.ptx 117 : 3680 29824 0 0 0 0 0 0 0 
_3.ptx 117 : 2559720 64525266 0 0 0 712108 481324 0 0 
_4.ptx 117 : 3712 29152 0 0 0 0 0 0 0 
_5.ptx 118 : 3680 2740 0 0 0 0 0 0 115 
_3.ptx 118 : 2559720 26412686 0 0 0 0 0 0 0 
_4.ptx 118 : 3712 62432 0 0 0 0 0 0 0 
_3.ptx 119 : 2559720 26411910 0 0 0 0 0 0 0 
_4.ptx 119 : 3712 42432 0 0 0 0 0 0 0 
_5.ptx 120 : 3240 35830 0 0 0 0 0 0 0 
_3.ptx 120 : 2559720 29279683 0 0 0 0 0 0 0 
_4.ptx 120 : 3712 28800 0 0 0 0 0 0 0 
_6.ptx 120 : 512 3072 0 0 0 0 0 0 0 
_5.ptx 121 : 3240 9720 0 0 0 0 0 0 0 
_3.ptx 121 : 2559720 21691273 0 0 0 0 0 0 0 
_4.ptx 121 : 3712 29856 0 0 0 0 0 0 0 
_6.ptx 121 : 512 3072 0 0 0 0 0 0 0 
_5.ptx 122 : 3240 550678 0 0 0 0 0 0 0 
_3.ptx 122 : 2559720 14676994 0 0 0 0 0 0 0 
_4.ptx 122 : 3712 58816 0 0 0 0 0 0 0 
_6.ptx 122 : 512 9472 0 0 0 0 0 0 0 
_5.ptx 123 : 3240 32712 0 0 0 0 0 0 0 
_4.ptx 123 : 3712 27328 0 0 0 0 0 0 0 
_6.ptx 123 : 512 3072 0 0 0 0 0 0 0 
_5.ptx 124 : 3240 19440 0 0 0 0 0 0 0 
_4.ptx 124 : 3712 48128 0 0 0 0 0 0 0 
_6.ptx 124 : 512 5696 0 0 0 0 0 0 0 
_4.ptx 125 : 3712 28160 0 0 0 0 0 0 0 
_6.ptx 125 : 512 3776 0 0 0 0 0 0 0 
_5.ptx 126 : 440 2702 0 0 0 0 0 0 0 
_3.ptx 126 : 489536 3283392 0 0 0 0 0 0 0 
_4.ptx 126 : 3712 32416 0 0 0 0 0 0 0 
_6.ptx 126 : 512 1536 0 0 0 0 0 0 0 
_6.ptx 127 : 512 4224 0 0 0 0 0 0 0 
_6.ptx 128 : 512 72 0 0 0 0 0 0 1 
_5.ptx 129 : 3680 25760 0 0 0 0 0 0 0 
_4.ptx 129 : 18560 154720 0 0 0 0 0 0 0 
_6.ptx 129 : 500 3512 0 0 0 0 0 0 0 
_5.ptx 130 : 3680 559808 0 0 0 0 0 0 0 
_4.ptx 130 : 18560 220352 0 0 0 0 0 0 0 
_6.ptx 130 : 500 6652 0 0 0 0 0 0 0 
_5.ptx 131 : 3680 37216 0 0 0 0 0 0 0 
_4.ptx 131 : 18560 161952 0 0 0 0 0 0 0 
_6.ptx 131 : 500 3660 0 0 0 0 0 0 0 
_5.ptx 132 : 3680 73728 0 0 0 0 0 0 0 
_4.ptx 132 : 18560 145152 0 0 0 0 0 0 0 
_6.ptx 132 : 500 6408 0 0 0 0 0 0 0 
_5.ptx 133 : 3680 29664 0 0 0 0 0 0 0 
_4.ptx 133 : 18560 168928 0 0 0 0 0 0 0 
_6.ptx 133 : 500 3820 0 0 0 0 0 0 0 
_5.ptx 134 : 3680 0 0 0 0 0 0 0 0 
_4.ptx 134 : 18560 138880 0 0 0 0 0 0 0 
_6.ptx 134 : 500 1500 0 0 0 0 0 0 0 
_5.ptx 135 : 3680 562880 0 0 0 0 0 0 0 
_4.ptx 135 : 18560 157856 0 0 0 0 0 0 0 
_6.ptx 135 : 500 5596 0 0 0 0 0 0 0 
_5.ptx 136 : 3680 11040 0 0 0 0 0 0 0 
_6.ptx 136 : 500 7104 0 0 0 0 0 0 0 
_5.ptx 137 : 3680 559968 0 0 0 0 0 0 0 
_6.ptx 137 : 500 1808 0 0 0 0 0 0 0 
_5.ptx 138 : 3680 29440 0 0 0 0 0 0 0 
_6.ptx 138 : 500 5532 0 0 0 0 0 0 0 
_5.ptx 139 : 3680 40768 0 0 0 0 0 0 0 
_4.ptx 139 : 92800 0 0 0 0 0 0 0 0 
_5.ptx 140 : 3680 40928 0 0 0 0 0 0 0 
_4.ptx 140 : 92800 1084704 0 0 0 0 0 0 0 
_5.ptx 141 : 3680 11040 0 0 0 0 0 0 0 
_4.ptx 141 : 92800 672512 0 0 0 0 0 0 0 
_5.ptx 142 : 3680 60352 0 0 0 0 0 0 0 
_4.ptx 142 : 92800 814464 0 0 0 0 0 0 0 
_6.ptx 142 : 500 102336 2048 0 0 16 16 0 0 
_5.ptx 143 : 3680 94208 0 0 0 0 0 0 0 
_4.ptx 143 : 92800 0 0 0 0 0 0 0 0 
_6.ptx 143 : 500 3000 0 0 0 0 0 0 0 
_3.ptx 144 : 33792 202752 0 0 0 0 0 0 0 
_5.ptx 144 : 3680 25984 0 0 0 0 0 0 0 
_4.ptx 144 : 92800 811776 0 0 0 0 0 0 0 
_6.ptx 144 : 500 10052 0 0 0 0 0 0 0 
_3.ptx 145 : 33792 202752 0 0 0 0 0 0 0 
_5.ptx 145 : 3680 124544 0 0 0 0 0 0 0 
_4.ptx 145 : 92800 0 0 0 0 0 0 0 0 
_6.ptx 145 : 500 2564 2048 0 0 16 16 0 0 
_3.ptx 146 : 33792 701856 0 0 0 0 0 0 0 
_5.ptx 146 : 3680 11040 0 0 0 0 0 0 0 
_4.ptx 146 : 92800 811136 0 0 0 0 0 0 0 
_6.ptx 146 : 500 5564 0 0 0 0 0 0 0 
_3.ptx 147 : 33792 209440 0 0 0 0 0 0 0 
_5.ptx 147 : 3680 40576 0 0 0 0 0 0 0 
_4.ptx 147 : 92800 0 0 0 0 0 0 0 0 
_6.ptx 147 : 500 5564 0 0 0 0 0 0 0 
_3.ptx 148 : 33792 214592 0 0 0 0 0 0 0 
_5.ptx 148 : 3680 11040 0 0 0 0 0 0 0 
_6.ptx 148 : 500 5820 0 0 0 0 0 0 0 
_3.ptx 149 : 33792 743168 0 0 0 0 0 0 0 
_5.ptx 149 : 3680 685920 0 0 0 0 0 0 0 
_4.ptx 149 : 92800 1078400 0 0 0 0 0 0 0 
_6.ptx 149 : 500 4128 0 0 0 0 0 0 0 
_3.ptx 150 : 33792 248288 0 0 0 0 0 0 0 
_5.ptx 150 : 3680 37408 0 0 0 0 0 0 0 
_4.ptx 150 : 92800 1080704 0 0 0 0 0 0 0 
_6.ptx 150 : 500 0 0 0 0 0 0 0 0 
_3.ptx 151 : 33792 396768 0 0 0 0 0 0 0 
_5.ptx 151 : 3680 73824 0 0 0 0 0 0 0 
_4.ptx 151 : 92800 760640 0 0 0 0 0 0 0 
_3.ptx 152 : 33792 240032 0 0 0 0 0 0 0 
_5.ptx 152 : 3680 11040 0 0 0 0 0 0 0 
_4.ptx 152 : 92800 1013184 0 0 0 0 0 0 0 
_3.ptx 153 : 33792 394624 0 0 0 0 0 0 0 
_5.ptx 153 : 3680 40928 0 0 0 0 0 0 0 
_4.ptx 153 : 92800 1083072 0 0 0 0 0 0 0 
_6.ptx 153 : 512 3232 0 0 0 0 0 0 0 
_3.ptx 154 : 33792 101376 0 0 0 0 0 0 0 
_5.ptx 154 : 3680 40960 0 0 0 0 0 0 0 
_4.ptx 154 : 92800 1715360 29440 0 0 6374 2900 0 0 
_3.ptx 155 : 33792 101376 0 0 0 0 0 0 0 
_5.ptx 155 : 3680 29824 0 0 0 0 0 0 0 
_4.ptx 155 : 92800 657376 0 0 0 0 0 0 0 
_3.ptx 156 : 33792 297248 0 0 0 0 0 0 0 
_5.ptx 156 : 3680 22560 0 0 0 0 0 0 0 
_3.ptx 157 : 33792 264736 0 0 0 0 0 0 0 
_5.ptx 157 : 3680 30688 0 0 0 0 0 0 0 
_3.ptx 158 : 33792 285440 0 0 0 0 0 0 0 
_3.ptx 159 : 33792 265632 0 0 0 0 0 0 0 
_3.ptx 160 : 33792 291072 0 0 0 0 0 0 0 
_5.ptx 160 : 3680 0 0 0 0 0 0 0 0 
_4.ptx 160 : 92800 490592 371200 0 0 2900 2900 0 0 
_3.ptx 161 : 33792 228512 0 0 0 0 0 0 0 
_5.ptx 161 : 3680 42176 0 0 0 0 0 0 0 
_4.ptx 161 : 92800 986016 0 0 0 0 0 0 0 
_3.ptx 162 : 33792 285184 0 0 0 0 0 0 0 
_5.ptx 162 : 3680 62112 0 0 0 0 0 0 0 
_4.ptx 162 : 92800 1079584 0 0 0 0 0 0 0 
_3.ptx 163 : 33792 204568 0 0 0 0 0 0 89 
_5.ptx 163 : 3680 43104 0 0 0 0 0 0 0 
_4.ptx 163 : 92800 822144 0 0 0 0 0 0 0 
_3.ptx 164 : 3700 11218 0 0 0 0 0 0 0 
_5.ptx 164 : 3680 74080 0 0 0 0 0 0 0 
_4.ptx 164 : 92800 538560 0 0 0 0 0 0 0 
_3.ptx 165 : 3700 23950 0 0 0 0 0 0 0 
_5.ptx 165 : 3680 43200 0 0 0 0 0 0 0 
_4.ptx 165 : 18560 213472 0 0 0 0 0 0 0 
_3.ptx 166 : 3700 31326 0 0 0 0 0 0 0 
_5.ptx 166 : 3680 31168 0 0 0 0 0 0 0 
_4.ptx 166 : 18560 199520 0 0 0 0 0 0 0 
_3.ptx 167 : 3700 0 0 0 0 0 0 0 0 
_5.ptx 167 : 3680 70176 0 0 0 0 0 0 0 
_4.ptx 167 : 18560 217472 0 0 0 0 0 0 0 
_3.ptx 168 : 3700 28752 0 0 0 0 0 0 0 
_5.ptx 168 : 3680 42496 0 0 0 0 0 0 0 
_4.ptx 168 : 18560 207616 0 0 0 0 0 0 0 
_3.ptx 169 : 3700 28780 0 0 0 0 0 0 0 
_5.ptx 169 : 3680 31360 0 0 0 0 0 0 0 
_4.ptx 169 : 18560 163456 0 0 0 0 0 0 0 
_3.ptx 170 : 3700 72678 0 0 0 0 0 0 0 
_4.ptx 170 : 18560 111264 0 0 0 0 0 0 0 
_3.ptx 171 : 3700 26498 0 0 0 0 0 0 0 
_3.ptx 172 : 3700 83108 0 0 0 0 0 0 0 
_5.ptx 172 : 3680 42944 0 0 0 0 0 0 0 
_4.ptx 172 : 3712 42144 0 0 0 0 0 0 0 
_3.ptx 173 : 3700 25996 0 0 0 0 0 0 0 
_5.ptx 173 : 3680 680544 3840 0 0 145 115 0 0 
_4.ptx 173 : 3712 30752 0 0 0 0 0 0 0 
_3.ptx 174 : 3700 27640 0 0 0 0 0 0 0 
_5.ptx 174 : 3680 29728 0 0 0 0 0 0 0 
_4.ptx 174 : 3712 0 0 0 0 0 0 0 0 
_3.ptx 175 : 3700 88328 0 0 0 0 0 0 0 
_5.ptx 175 : 3680 21972 0 0 0 0 0 0 18 
_3.ptx 176 : 3700 41490 0 0 0 0 0 0 0 
_3.ptx 177 : 3700 28810 0 0 0 0 0 0 0 
_5.ptx 177 : 18 200 0 0 0 0 0 0 0 
_4.ptx 177 : 5120 32608 0 0 0 0 0 0 0 
_3.ptx 178 : 3700 27984 0 0 0 0 0 0 0 
_5.ptx 178 : 18 3183 1536 0 0 18 18 0 0 
_3.ptx 179 : 3700 85074 0 0 0 0 0 0 0 
_5.ptx 179 : 18 200 0 0 0 0 0 0 0 
_3.ptx 180 : 3700 41270 0 0 0 0 0 0 0 
_3.ptx 181 : 3700 19670 0 0 0 0 0 0 0 
_5.ptx 181 : 3680 39968 0 0 0 0 0 0 0 
_3.ptx 182 : 3700 83202 0 0 0 0 0 0 0 
_5.ptx 182 : 3680 39648 0 0 0 0 0 0 0 
_3.ptx 183 : 3700 41646 0 0 0 0 0 0 0 
_5.ptx 183 : 3680 33984 0 0 0 0 0 0 0 
_3.ptx 184 : 3700 28024 0 0 0 0 0 0 0 
_5.ptx 184 : 3680 0 0 0 0 0 0 0 0 
_3.ptx 185 : 3700 73686 0 0 0 0 0 0 0 
_3.ptx 186 : 3700 41324 0 0 0 0 0 0 0 
_5.ptx 186 : 3680 41120 0 0 0 0 0 0 0 
_3.ptx 187 : 3700 837112 14848 0 0 257 153 0 0 
_5.ptx 187 : 3680 32768 0 0 0 0 0 0 0 
_3.ptx 188 : 3700 24052 0 0 0 0 0 0 0 
_5.ptx 188 : 3680 0 0 0 0 0 0 0 0 
_3.ptx 189 : 3700 28124 0 0 0 0 0 0 0 
_5.ptx 189 : 3680 26528 0 0 0 0 0 0 0 
_3.ptx 193 : 492800 51074492 56448 0 0 35680 22592 0 0 
_3.ptx 194 : 492800 62835050 86400 0 0 22592 22592 0 0 
_5.ptx 194 : 3680 19424 14720 0 0 115 115 0 0 
_3.ptx 195 : 492800 4501434 0 0 0 0 0 0 0 
_5.ptx 195 : 3680 41344 0 0 0 0 0 0 0 
_3.ptx 196 : 492800 6759856 0 0 0 35392 22592 0 0 
_5.ptx 196 : 3680 42112 0 0 0 0 0 0 0 
_3.ptx 197 : 492800 5258636 0 0 0 0 0 0 0 
_5.ptx 197 : 3680 31488 0 0 0 0 0 0 0 
_3.ptx 198 : 492800 5649002 0 0 0 0 0 0 0 
_5.ptx 198 : 3680 0 0 0 0 0 0 0 0 
_3.ptx 199 : 492800 5707980 0 0 0 0 0 0 0 
_3.ptx 200 : 492800 4337832 0 0 0 0 0 0 0 
_3.ptx 201 : 492800 3351900 0 0 0 0 0 0 0 
_5.ptx 201 : 4096 26080 0 0 0 0 0 0 0 
_3.ptx 205 : 33792 216256 0 0 0 0 0 0 0 
_3.ptx 223 : 51200 307200 0 0 0 0 0 0 0 
_3.ptx 224 : 51200 307200 0 0 0 0 0 0 0 
_3.ptx 225 : 51200 1058688 0 0 0 0 0 0 0 
_3.ptx 226 : 51200 317568 0 0 0 0 0 0 0 
_5.ptx 226 : 4096 24576 0 0 0 0 0 0 0 
_3.ptx 227 : 51200 323616 0 0 0 0 0 0 0 
_5.ptx 227 : 4096 24576 0 0 0 0 0 0 0 
_3.ptx 228 : 51200 1063200 0 0 0 0 0 0 0 
_5.ptx 228 : 4096 75872 0 0 0 0 0 0 0 
_3.ptx 229 : 51200 381568 0 0 0 0 0 0 0 
_5.ptx 229 : 4096 24576 0 0 0 0 0 0 0 
_3.ptx 230 : 51200 615488 0 0 0 0 0 0 0 
_5.ptx 230 : 4096 45472 0 0 0 0 0 0 0 
_3.ptx 231 : 51200 390016 0 0 0 0 0 0 0 
_5.ptx 231 : 4096 31008 0 0 0 0 0 0 0 
_3.ptx 232 : 51200 608608 0 0 0 0 0 0 0 
_5.ptx 232 : 4096 12288 0 0 0 0 0 0 0 
_3.ptx 233 : 51200 159424 0 0 0 0 0 0 0 
_5.ptx 233 : 4096 34016 0 0 0 0 0 0 0 
_3.ptx 234 : 51200 159776 0 0 0 0 0 0 0 
_5.ptx 234 : 4096 2592 0 0 0 0 0 0 0 
_3.ptx 235 : 51200 455488 0 0 0 0 0 0 0 
_5.ptx 235 : 3680 24896 0 0 0 0 0 0 0 
_3.ptx 236 : 51200 403744 0 0 0 0 0 0 0 
_5.ptx 236 : 3680 54720 0 0 0 0 0 0 0 
_3.ptx 237 : 51200 436480 0 0 0 0 0 0 0 
_5.ptx 237 : 3680 26944 0 0 0 0 0 0 0 
_3.ptx 238 : 51200 407040 0 0 0 0 0 0 0 
_5.ptx 238 : 3680 62304 0 0 0 0 0 0 0 
_3.ptx 239 : 51200 447488 0 0 0 0 0 0 0 
_5.ptx 239 : 3680 26624 0 0 0 0 0 0 0 
_3.ptx 240 : 51200 345312 0 0 0 0 0 0 0 
_5.ptx 240 : 3680 11040 0 0 0 0 0 0 0 
_3.ptx 241 : 51200 433728 0 0 0 0 0 0 0 
_5.ptx 241 : 3680 40640 0 0 0 0 0 0 0 
_3.ptx 242 : 51200 315009 0 0 0 0 0 0 32 
_5.ptx 242 : 3680 72544 0 0 0 0 0 0 0 
_3.ptx 243 : 4896 32163 0 0 0 0 0 0 0 
_5.ptx 243 : 3680 11040 0 0 0 0 0 0 0 
_3.ptx 244 : 4896 30522 0 0 0 0 0 0 0 
_5.ptx 244 : 3680 40672 0 0 0 0 0 0 0 
_3.ptx 245 : 4896 41744 0 0 0 0 0 0 0 
_5.ptx 245 : 3680 11040 0 0 0 0 0 0 0 
_3.ptx 246 : 4896 0 0 0 0 0 0 0 0 
_5.ptx 246 : 3680 11040 0 0 0 0 0 0 0 
_3.ptx 247 : 4896 36565 0 0 0 0 0 0 0 
_5.ptx 247 : 3680 11040 0 0 0 0 0 0 0 
_3.ptx 248 : 4896 97291 0 0 0 0 0 0 0 
_5.ptx 248 : 3680 11040 0 0 0 0 0 0 0 
_3.ptx 249 : 4896 104094 0 0 0 0 0 0 0 
_5.ptx 249 : 3680 11040 0 0 0 0 0 0 0 
_3.ptx 250 : 4896 35931 0 0 0 0 0 0 0 
_5.ptx 250 : 3680 11040 0 0 0 0 0 0 0 
_3.ptx 251 : 4896 54273 0 0 0 0 0 0 0 
_3.ptx 252 : 4896 31213 0 0 0 0 0 0 0 
_3.ptx 253 : 4896 35631 0 0 0 0 0 0 0 
_3.ptx 254 : 4896 109759 0 0 0 0 0 0 0 
_5.ptx 254 : 3680 643872 0 0 0 0 0 0 0 
_3.ptx 255 : 4896 54344 0 0 0 0 0 0 0 
_5.ptx 255 : 3680 30272 0 0 0 0 0 0 0 
_3.ptx 256 : 4896 23588 0 0 0 0 0 0 0 
_5.ptx 256 : 3680 42464 0 0 0 0 0 0 0 
_3.ptx 257 : 4896 93353 0 0 0 0 0 0 0 
_5.ptx 257 : 3680 40576 0 0 0 0 0 0 0 
_3.ptx 258 : 4896 54675 0 0 0 0 0 0 0 
_5.ptx 258 : 3680 22816 0 0 0 0 0 0 0 
_3.ptx 259 : 4896 37044 0 0 0 0 0 0 0 
_5.ptx 259 : 3680 73760 0 0 0 0 0 0 0 
_3.ptx 260 : 4896 93877 0 0 0 0 0 0 0 
_5.ptx 260 : 3680 32832 0 0 0 0 0 0 0 
_3.ptx 261 : 4896 54896 0 0 0 0 0 0 0 
_5.ptx 261 : 3680 44960 0 0 0 0 0 0 0 
_3.ptx 262 : 4896 184053 0 0 0 0 0 0 0 
_5.ptx 262 : 3680 78048 0 0 0 0 0 0 0 
_3.ptx 263 : 4896 36563 0 0 0 0 0 0 0 
_5.ptx 263 : 3680 31008 0 0 0 0 0 0 0 
_3.ptx 264 : 4896 74379 0 0 0 0 0 0 0 
_5.ptx 264 : 3680 0 0 0 0 0 0 0 0 
_3.ptx 265 : 4896 55482 0 0 0 0 0 0 0 
_5.ptx 265 : 3680 675968 0 0 0 0 0 0 0 
_3.ptx 266 : 4896 1167623 26752 0 0 296 160 0 0 
_5.ptx 266 : 3680 11040 0 0 0 0 0 0 0 
_3.ptx 267 : 4896 36051 0 0 0 0 0 0 0 
_5.ptx 267 : 3680 562336 0 0 0 0 0 0 0 
_5.ptx 268 : 3680 29440 0 0 0 0 0 0 0 
_5.ptx 269 : 3680 44032 0 0 0 0 0 0 0 
_5.ptx 270 : 3680 40992 0 0 0 0 0 0 0 
_3.ptx 271 : 220800 10561505 15104 0 0 7040 7040 0 0 
_5.ptx 271 : 3680 11040 0 0 0 0 0 0 0 
_3.ptx 272 : 220800 15405341 1920 0 0 215040 7040 0 0 
_5.ptx 272 : 3680 11040 0 0 0 0 0 0 0 
_3.ptx 273 : 220800 1987856 0 0 0 0 0 0 0 
_5.ptx 273 : 3680 42816 0 0 0 0 0 0 0 
_3.ptx 274 : 220800 11305327 0 0 0 13120 7040 0 0 
_5.ptx 274 : 3680 44000 0 0 0 0 0 0 0 
_3.ptx 275 : 220800 2210046 0 0 0 0 0 0 0 
_5.ptx 275 : 3680 28608 0 0 0 0 0 0 0 
_3.ptx 276 : 220800 2212720 0 0 0 0 0 0 0 
_5.ptx 276 : 3680 46400 0 0 0 0 0 0 0 
_3.ptx 277 : 220800 2215416 0 0 0 0 0 0 0 
_5.ptx 277 : 3680 42560 0 0 0 0 0 0 0 
_3.ptx 278 : 220800 1768867 0 0 0 0 0 0 0 
_5.ptx 278 : 3680 32320 0 0 0 0 0 0 0 
_3.ptx 279 : 220800 1296591 0 0 0 0 0 0 0 
_5.ptx 279 : 3680 58304 0 0 0 0 0 0 0 
_5.ptx 280 : 3680 43648 0 0 0 0 0 0 0 
_5.ptx 281 : 3680 45120 0 0 0 0 0 0 0 
_5.ptx 282 : 3680 79264 0 0 0 0 0 0 0 
_3.ptx 283 : 51200 328736 0 0 0 0 0 0 0 
_5.ptx 283 : 3680 48448 0 0 0 0 0 0 0 
_5.ptx 284 : 3680 32608 0 0 0 0 0 0 0 
_5.ptx 285 : 3680 80128 0 0 0 0 0 0 0 
_5.ptx 286 : 3680 35488 0 0 0 0 0 0 0 
_5.ptx 287 : 3680 29664 0 0 0 0 0 0 0 
_5.ptx 288 : 3680 29376 0 0 0 0 0 0 0 
_5.ptx 289 : 3680 31552 0 0 0 0 0 0 0 
_5.ptx 292 : 7360 0 0 0 0 0 0 0 0 
_5.ptx 293 : 7360 86400 0 0 0 0 0 0 0 
_5.ptx 294 : 7360 100672 0 0 0 0 0 0 0 
_5.ptx 295 : 7360 87840 0 0 0 0 0 0 0 
_5.ptx 296 : 7360 88928 0 0 0 0 0 0 0 
_5.ptx 297 : 7360 66912 0 0 0 0 0 0 0 
_5.ptx 298 : 7360 99968 0 0 0 0 0 0 0 
_5.ptx 299 : 7360 88608 0 0 0 0 0 0 0 
_3.ptx 300 : 21568 131744 0 0 0 0 0 0 0 
_5.ptx 300 : 7360 65056 0 0 0 0 0 0 0 
_3.ptx 301 : 21568 132800 0 0 0 0 0 0 0 
_3.ptx 302 : 21568 326528 0 0 0 0 0 0 0 
_3.ptx 303 : 21568 130880 0 0 0 0 0 0 0 
_5.ptx 303 : 14720 1557120 58880 0 0 2080 460 0 0 
_3.ptx 304 : 21568 132192 0 0 0 0 0 0 0 
_5.ptx 304 : 14720 129728 0 0 0 0 0 0 0 
_3.ptx 305 : 21568 385600 0 0 0 0 0 0 0 
_5.ptx 305 : 14720 64751 0 0 0 0 0 0 342 
_3.ptx 306 : 21568 145472 0 0 0 0 0 0 0 
_3.ptx 307 : 21568 257760 0 0 0 0 0 0 0 
_5.ptx 307 : 5925 46686 0 0 0 0 0 0 0 
_3.ptx 308 : 21568 162624 0 0 0 0 0 0 0 
_3.ptx 309 : 21568 249760 0 0 0 0 0 0 0 
_5.ptx 309 : 5925 47277 0 0 0 0 0 0 0 
_3.ptx 310 : 21568 66368 0 0 0 0 0 0 0 
_3.ptx 311 : 21568 66912 0 0 0 0 0 0 0 
_5.ptx 311 : 14720 162784 0 0 0 0 0 0 0 
_3.ptx 312 : 21568 177536 0 0 0 0 0 0 0 
_5.ptx 312 : 14720 162816 0 0 0 0 0 0 0 
_3.ptx 313 : 21568 157792 0 0 0 0 0 0 0 
_5.ptx 313 : 14720 131040 0 0 0 0 0 0 0 
_3.ptx 314 : 21568 178976 0 0 0 0 0 0 0 
_5.ptx 314 : 14720 52832 0 0 0 0 0 0 0 
_3.ptx 315 : 21568 161408 0 0 0 0 0 0 0 
_3.ptx 316 : 21568 182880 0 0 0 0 0 0 0 
_5.ptx 316 : 7360 83360 0 0 0 0 0 0 0 
_3.ptx 317 : 21568 137920 0 0 0 0 0 0 0 
_5.ptx 317 : 7360 64768 0 0 0 0 0 0 0 
_3.ptx 318 : 21568 179136 0 0 0 0 0 0 0 
_5.ptx 318 : 7360 29184 0 0 0 0 0 0 0 
_3.ptx 319 : 21568 42928 0 0 0 0 0 0 162 
_5.ptx 319 : 3680 26176 0 0 0 0 0 0 0 
_3.ptx 321 : 14736 46176 0 0 0 0 0 0 0 
_3.ptx 322 : 14736 169744 0 0 0 0 0 0 0 
_3.ptx 323 : 14736 165240 0 0 0 0 0 0 0 
_3.ptx 324 : 14736 110344 0 0 0 0 0 0 0 
_3.ptx 325 : 14736 160872 0 0 0 0 0 0 0 
_5.ptx 325 : 3680 21408 14720 0 0 115 115 0 0 
_3.ptx 326 : 14736 164488 0 0 0 0 0 0 0 
_3.ptx 327 : 14736 4347304 59136 0 0 1818 546 0 0 
_5.ptx 327 : 3680 20832 14720 0 0 115 115 0 0 
_3.ptx 328 : 14736 354072 0 0 0 0 0 0 0 
_5.ptx 328 : 3680 42496 0 0 0 0 0 0 0 
_3.ptx 329 : 14736 105920 0 0 0 0 0 0 0 
_5.ptx 329 : 3680 42688 0 0 0 0 0 0 0 
_3.ptx 330 : 14736 153392 0 0 0 0 0 0 0 
_5.ptx 330 : 3680 43008 0 0 0 0 0 0 0 
_3.ptx 331 : 14736 163424 0 0 0 0 0 0 0 
_5.ptx 331 : 3680 31776 0 0 0 0 0 0 0 
_3.ptx 332 : 14736 2681072 896 0 0 690 546 0 0 
_5.ptx 332 : 3680 0 0 0 0 0 0 0 0 
_3.ptx 333 : 14736 162592 0 0 0 0 0 0 0 
_3.ptx 334 : 14736 317256 0 0 0 1818 546 0 0 
_5.ptx 335 : 4096 28736 0 0 0 0 0 0 0 
_3.ptx 337 : 21568 130240 0 0 0 0 0 0 0 
_3.ptx 354 : 16384 98304 0 0 0 0 0 0 0 
_3.ptx 355 : 16384 98304 0 0 0 0 0 0 0 
_3.ptx 356 : 16384 327360 0 0 0 0 0 0 0 
_3.ptx 357 : 16384 101408 0 0 0 0 0 0 0 
_3.ptx 358 : 16384 191424 0 0 0 0 0 0 0 
_3.ptx 359 : 16384 135840 0 0 0 0 0 0 0 
_3.ptx 360 : 16384 49152 0 0 0 0 0 0 0 
_3.ptx 361 : 16384 132960 0 0 0 0 0 0 0 
_3.ptx 362 : 16384 98228 0 0 0 0 0 0 4 
_3.ptx 363 : 580 1740 0 0 0 0 0 0 0 
_3.ptx 364 : 580 3480 0 0 0 0 0 0 0 
_3.ptx 365 : 580 9944 0 0 0 0 0 0 0 
_3.ptx 366 : 580 4220 0 0 0 0 0 0 0 
_3.ptx 367 : 580 11216 0 0 0 0 0 0 0 
_3.ptx 368 : 580 1772 0 0 0 0 0 0 0 
_3.ptx 369 : 580 4092 0 0 0 0 0 0 0 
_3.ptx 370 : 580 11410 0 0 0 0 0 0 0 
_3.ptx 371 : 580 6572 0 0 0 0 0 0 0 
_3.ptx 372 : 580 12480 0 0 0 0 0 0 0 
_3.ptx 373 : 580 4124 0 0 0 0 0 0 0 
_3.ptx 374 : 580 1772 0 0 0 0 0 0 0 
_3.ptx 375 : 580 12316 0 0 0 0 0 0 0 
_3.ptx 376 : 580 4124 0 0 0 0 0 0 0 
_3.ptx 377 : 580 12026 0 0 0 0 0 0 0 
_3.ptx 378 : 580 6476 0 0 0 0 0 0 0 
_3.ptx 379 : 580 11016 0 0 0 0 0 0 0 
_3.ptx 383 : 580 28804 0 0 0 20 20 0 0 
_3.ptx 384 : 580 112840 4864 0 0 87 20 0 0 
_3.ptx 385 : 580 6380 0 0 0 0 0 0 0 
_3.ptx 386 : 580 5772 0 0 0 87 20 0 0 
_3.ptx 387 : 580 6412 0 0 0 0 0 0 0 
_3.ptx 388 : 580 6380 0 0 0 0 0 0 0 
_3.ptx 389 : 580 6380 0 0 0 0 0 0 0 
_3.ptx 390 : 580 4704 0 0 0 0 0 0 0 
_3.ptx 391 : 580 0 0 0 0 0 0 0 0 
_3.ptx 394 : 16384 100384 0 0 0 0 0 0 0 
