kernel line : count latency dram_traffic smem_bk_conflicts smem_warp gmem_access_generated gmem_warp exposed_latency warp_divergence
_3.ptx 65 : 21568 130304 0 0 0 0 0 0 0 
_3.ptx 66 : 21568 130368 0 0 0 0 0 0 0 
_3.ptx 67 : 21568 324416 0 0 0 0 0 0 0 
_3.ptx 68 : 21568 130240 0 0 0 0 0 0 0 
_3.ptx 69 : 21568 130368 0 0 0 0 0 0 0 
_4.ptx 70 : 2560 15360 0 0 0 0 0 0 0 
_3.ptx 70 : 21568 378880 0 0 0 0 0 0 0 
_4.ptx 71 : 2560 15360 0 0 0 0 0 0 0 
_3.ptx 71 : 21568 141280 0 0 0 0 0 0 0 
_4.ptx 72 : 2560 47488 0 0 0 0 0 0 0 
_3.ptx 72 : 21568 251424 0 0 0 0 0 0 0 
_4.ptx 73 : 2560 15360 0 0 0 0 0 0 0 
_3.ptx 73 : 21568 153408 0 0 0 0 0 0 0 
_4.ptx 74 : 2560 28352 0 0 0 0 0 0 0 
_3.ptx 74 : 21568 248544 0 0 0 0 0 0 0 
_4.ptx 75 : 2560 18656 0 0 0 0 0 0 0 
_3.ptx 75 : 21568 1141568 0 0 0 0 0 0 0 
_4.ptx 76 : 2560 227264 128 0 0 0 0 0 0 
_3.ptx 76 : 21568 1123680 0 0 0 0 0 0 0 
_4.ptx 77 : 2560 20864 0 0 0 0 0 0 0 
_3.ptx 77 : 21568 178528 0 0 0 0 0 0 0 
_4.ptx 78 : 2560 4320 0 0 0 0 0 0 0 
_3.ptx 78 : 21568 161024 0 0 0 0 0 0 0 
_4.ptx 79 : 1856 5568 0 0 0 0 0 0 0 
_3.ptx 79 : 21568 177312 0 0 0 0 0 0 0 
_4.ptx 80 : 1856 11360 0 0 0 0 0 0 0 
_3.ptx 80 : 21568 159104 0 0 0 0 0 0 0 
_4.ptx 81 : 1856 15232 0 0 0 0 0 0 0 
_3.ptx 81 : 21568 179040 0 0 0 0 0 0 0 
_4.ptx 82 : 1856 11520 0 0 0 0 0 0 0 
_3.ptx 82 : 21568 132800 0 0 0 0 0 0 0 
_4.ptx 83 : 1856 63552 0 0 0 0 0 0 0 
_3.ptx 83 : 21568 175840 0 0 0 0 0 0 0 
_4.ptx 84 : 1856 5568 0 0 0 0 0 0 0 
_3.ptx 84 : 21568 42584 0 0 0 0 0 0 162 
_4.ptx 85 : 1856 5568 0 0 0 0 0 0 0 
_3.ptx 85 : 14736 168880 0 0 0 0 0 0 0 
_4.ptx 86 : 1856 5568 0 0 0 0 0 0 0 
_3.ptx 86 : 14736 91808 0 0 0 0 0 0 0 
_3.ptx 87 : 14736 121832 0 0 0 0 0 0 0 
_3.ptx 88 : 14736 0 0 0 0 0 0 0 0 
_3.ptx 89 : 14736 109392 0 0 0 0 0 0 0 
_4.ptx 90 : 1856 336224 0 0 0 0 0 0 0 
_3.ptx 90 : 14736 173432 0 0 0 0 0 0 0 
_4.ptx 91 : 1856 14880 0 0 0 0 0 0 0 
_3.ptx 91 : 14736 109520 0 0 0 0 0 0 0 
_4.ptx 92 : 1856 298880 0 0 0 0 0 0 0 
_3.ptx 92 : 14736 166824 0 0 0 0 0 0 0 
_4.ptx 93 : 1856 14848 0 0 0 0 0 0 0 
_3.ptx 93 : 14736 109064 0 0 0 0 0 0 0 
_4.ptx 94 : 1856 25536 0 0 0 0 0 0 0 
_3.ptx 94 : 14736 164032 0 0 0 0 0 0 0 
_4.ptx 95 : 1856 27200 0 0 0 0 0 0 0 
_3.ptx 95 : 14736 175728 0 0 0 0 0 0 0 
_4.ptx 96 : 1856 27968 0 0 0 0 0 0 0 
_3.ptx 96 : 14736 109368 0 0 0 0 0 0 0 
_4.ptx 97 : 1856 20544 0 0 0 0 0 0 0 
_3.ptx 97 : 14736 207424 0 0 0 0 0 0 0 
_4.ptx 98 : 1856 27680 0 0 0 0 0 0 0 
_3.ptx 98 : 14736 163480 0 0 0 0 0 0 0 
_4.ptx 99 : 1856 20576 0 0 0 0 0 0 0 
_3.ptx 99 : 14736 164176 0 0 0 0 0 0 0 
_4.ptx 100 : 1856 13600 0 0 0 0 0 0 0 
_3.ptx 100 : 14736 261544 0 0 0 0 0 0 0 
_4.ptx 101 : 1856 25760 0 0 0 0 0 0 0 
_3.ptx 101 : 14736 163496 0 0 0 0 0 0 0 
_4.ptx 102 : 1856 20576 0 0 0 0 0 0 0 
_3.ptx 102 : 14736 107800 0 0 0 0 0 0 0 
_4.ptx 103 : 1856 0 0 0 0 0 0 0 0 
_3.ptx 103 : 14736 201528 0 0 0 0 0 0 0 
_4.ptx 104 : 1856 5568 0 0 0 0 0 0 0 
_3.ptx 104 : 14736 163544 0 0 0 0 0 0 0 
_4.ptx 105 : 1856 27392 0 0 0 0 0 0 0 
_3.ptx 105 : 14736 372152 0 0 0 0 0 0 0 
_4.ptx 106 : 1856 5568 0 0 0 0 0 0 0 
_3.ptx 106 : 14736 109104 0 0 0 0 0 0 0 
_4.ptx 107 : 1856 20672 0 0 0 0 0 0 0 
_3.ptx 107 : 14736 174472 0 0 0 0 0 0 0 
_4.ptx 108 : 1856 28704 0 0 0 0 0 0 0 
_3.ptx 108 : 14736 164312 0 0 0 0 0 0 0 
_4.ptx 109 : 1856 20672 0 0 0 0 0 0 0 
_3.ptx 109 : 14736 5385624 59136 0 0 1746 546 0 0 
_4.ptx 110 : 1856 5568 0 0 0 0 0 0 0 
_3.ptx 110 : 14736 107864 0 0 0 0 0 0 0 
_4.ptx 111 : 1856 34112 0 0 0 0 0 0 0 
_4.ptx 112 : 1856 20672 0 0 0 0 0 0 0 
_4.ptx 113 : 1856 5568 0 0 0 0 0 0 0 
_4.ptx 114 : 1856 5568 0 0 0 0 0 0 0 
_3.ptx 114 : 1898400 135207784 190848 0 0 261372 68100 0 0 
_4.ptx 115 : 1856 34176 0 0 0 0 0 0 0 
_3.ptx 115 : 1898400 321033992 237440 0 0 78166 68100 0 0 
_4.ptx 116 : 1856 20576 0 0 0 0 0 0 0 
_3.ptx 116 : 1898400 17221032 0 0 0 0 0 0 0 
_4.ptx 117 : 1856 14624 0 0 0 0 0 0 0 
_3.ptx 117 : 1898400 67423464 0 0 0 291900 68100 0 0 
_4.ptx 118 : 1856 32320 0 0 0 0 0 0 0 
_3.ptx 118 : 1898400 19419624 0 0 0 0 0 0 0 
_4.ptx 119 : 1856 21344 0 0 0 0 0 0 0 
_3.ptx 119 : 1898400 19425248 0 0 0 0 0 0 0 
_6.ptx 120 : 512 3072 0 0 0 0 0 0 0 
_4.ptx 120 : 1856 14560 0 0 0 0 0 0 0 
_3.ptx 120 : 1898400 21584384 0 0 0 0 0 0 0 
_6.ptx 121 : 512 3072 0 0 0 0 0 0 0 
_4.ptx 121 : 1856 14944 0 0 0 0 0 0 0 
_3.ptx 121 : 1898400 15947792 0 0 0 0 0 0 0 
_6.ptx 122 : 512 9472 0 0 0 0 0 0 0 
_4.ptx 122 : 1856 31872 0 0 0 0 0 0 0 
_3.ptx 122 : 1898400 11904624 0 0 0 0 0 0 0 
_6.ptx 123 : 512 3072 0 0 0 0 0 0 0 
_4.ptx 123 : 1856 13696 0 0 0 0 0 0 0 
_6.ptx 124 : 512 5664 0 0 0 0 0 0 0 
_4.ptx 124 : 1856 25504 0 0 0 0 0 0 0 
_6.ptx 125 : 512 4096 0 0 0 0 0 0 0 
_4.ptx 125 : 1856 14240 0 0 0 0 0 0 0 
_6.ptx 126 : 512 1536 0 0 0 0 0 0 0 
_4.ptx 126 : 1856 16704 0 0 0 0 0 0 0 
_3.ptx 126 : 21568 133408 0 0 0 0 0 0 0 
_6.ptx 127 : 512 4224 0 0 0 0 0 0 0 
_6.ptx 128 : 512 72 0 0 0 0 0 0 1 
_6.ptx 129 : 500 3512 0 0 0 0 0 0 0 
_4.ptx 129 : 9280 77248 0 0 0 0 0 0 0 
_6.ptx 130 : 500 6960 0 0 0 0 0 0 0 
_4.ptx 130 : 9280 109504 0 0 0 0 0 0 0 
_6.ptx 131 : 500 3756 0 0 0 0 0 0 0 
_4.ptx 131 : 9280 80032 0 0 0 0 0 0 0 
_6.ptx 132 : 500 7164 0 0 0 0 0 0 0 
_4.ptx 132 : 9280 72800 0 0 0 0 0 0 0 
_6.ptx 133 : 500 3852 0 0 0 0 0 0 0 
_4.ptx 133 : 9280 85664 0 0 0 0 0 0 0 
_6.ptx 134 : 500 1500 0 0 0 0 0 0 0 
_4.ptx 134 : 9280 69664 0 0 0 0 0 0 0 
_6.ptx 135 : 500 5532 0 0 0 0 0 0 0 
_4.ptx 135 : 9280 79456 0 0 0 0 0 0 0 
_6.ptx 136 : 500 6780 0 0 0 0 0 0 0 
_6.ptx 137 : 500 1840 0 0 0 0 0 0 0 
_6.ptx 138 : 500 5500 0 0 0 0 0 0 0 
_4.ptx 139 : 46400 0 0 0 0 0 0 0 0 
_4.ptx 140 : 46400 541952 0 0 0 0 0 0 0 
_4.ptx 141 : 46400 339136 0 0 0 0 0 0 0 
_6.ptx 142 : 500 120712 2048 0 0 16 16 0 0 
_4.ptx 142 : 46400 407008 0 0 0 0 0 0 0 
_6.ptx 143 : 500 3000 0 0 0 0 0 0 0 
_4.ptx 143 : 46400 0 0 0 0 0 0 0 0 
_6.ptx 144 : 500 10000 0 0 0 0 0 0 0 
_4.ptx 144 : 46400 403520 0 0 0 0 0 0 0 
_6.ptx 145 : 500 2692 2048 0 0 16 16 0 0 
_4.ptx 145 : 46400 0 0 0 0 0 0 0 0 
_6.ptx 146 : 500 5628 0 0 0 0 0 0 0 
_4.ptx 146 : 46400 404672 0 0 0 0 0 0 0 
_6.ptx 147 : 500 5660 0 0 0 0 0 0 0 
_4.ptx 147 : 46400 0 0 0 0 0 0 0 0 
_6.ptx 148 : 500 5936 0 0 0 0 0 0 0 
_6.ptx 149 : 500 4096 0 0 0 0 0 0 0 
_4.ptx 149 : 46400 534720 0 0 0 0 0 0 0 
_6.ptx 150 : 500 0 0 0 0 0 0 0 0 
_4.ptx 150 : 46400 540160 0 0 0 0 0 0 0 
_4.ptx 151 : 46400 378976 0 0 0 0 0 0 0 
_4.ptx 152 : 46400 504064 0 0 0 0 0 0 0 
_6.ptx 153 : 512 3232 0 0 0 0 0 0 0 
_4.ptx 153 : 46400 541568 0 0 0 0 0 0 0 
_4.ptx 154 : 46400 976032 14720 0 0 3187 1450 0 0 
_4.ptx 155 : 46400 324800 0 0 0 0 0 0 0 
_4.ptx 160 : 46400 245632 185600 0 0 1450 1450 0 0 
_4.ptx 161 : 46400 491872 0 0 0 0 0 0 0 
_4.ptx 162 : 46400 539200 0 0 0 0 0 0 0 
_4.ptx 163 : 46400 409504 0 0 0 0 0 0 0 
_4.ptx 164 : 46400 268768 0 0 0 0 0 0 0 
_4.ptx 165 : 9280 107040 0 0 0 0 0 0 0 
_4.ptx 166 : 9280 99168 0 0 0 0 0 0 0 
_4.ptx 167 : 9280 107936 0 0 0 0 0 0 0 
_4.ptx 168 : 9280 103040 0 0 0 0 0 0 0 
_4.ptx 169 : 9280 81696 0 0 0 0 0 0 0 
_4.ptx 170 : 9280 54784 0 0 0 0 0 0 0 
_4.ptx 172 : 1856 20992 0 0 0 0 0 0 0 
_4.ptx 173 : 1856 15392 0 0 0 0 0 0 0 
_4.ptx 174 : 1856 0 0 0 0 0 0 0 0 
_4.ptx 177 : 2560 16448 0 0 0 0 0 0 0 
_5.ptx 226 : 4096 24576 0 0 0 0 0 0 0 
_5.ptx 227 : 4096 24576 0 0 0 0 0 0 0 
_5.ptx 228 : 4096 75968 0 0 0 0 0 0 0 
_5.ptx 229 : 4096 24576 0 0 0 0 0 0 0 
_5.ptx 230 : 4096 45504 0 0 0 0 0 0 0 
_5.ptx 231 : 4096 31712 0 0 0 0 0 0 0 
_5.ptx 232 : 4096 12288 0 0 0 0 0 0 0 
_5.ptx 233 : 4096 33728 0 0 0 0 0 0 0 
_5.ptx 234 : 4096 2656 0 0 0 0 0 0 0 
_5.ptx 235 : 3680 24832 0 0 0 0 0 0 0 
_5.ptx 236 : 3680 54624 0 0 0 0 0 0 0 
_5.ptx 237 : 3680 26656 0 0 0 0 0 0 0 
_5.ptx 238 : 3680 58400 0 0 0 0 0 0 0 
_5.ptx 239 : 3680 26880 0 0 0 0 0 0 0 
_5.ptx 240 : 3680 11040 0 0 0 0 0 0 0 
_5.ptx 241 : 3680 40640 0 0 0 0 0 0 0 
_5.ptx 242 : 3680 79744 0 0 0 0 0 0 0 
_5.ptx 243 : 3680 11040 0 0 0 0 0 0 0 
_5.ptx 244 : 3680 40640 0 0 0 0 0 0 0 
_5.ptx 245 : 3680 11040 0 0 0 0 0 0 0 
_5.ptx 246 : 3680 11040 0 0 0 0 0 0 0 
_5.ptx 247 : 3680 11040 0 0 0 0 0 0 0 
_5.ptx 248 : 3680 11040 0 0 0 0 0 0 0 
_5.ptx 249 : 3680 11040 0 0 0 0 0 0 0 
_5.ptx 250 : 3680 11040 0 0 0 0 0 0 0 
_5.ptx 254 : 3680 651200 0 0 0 0 0 0 0 
_5.ptx 255 : 3680 30240 0 0 0 0 0 0 0 
_5.ptx 256 : 3680 41856 0 0 0 0 0 0 0 
_5.ptx 257 : 3680 40768 0 0 0 0 0 0 0 
_5.ptx 258 : 3680 22592 0 0 0 0 0 0 0 
_5.ptx 259 : 3680 73760 0 0 0 0 0 0 0 
_5.ptx 260 : 3680 32992 0 0 0 0 0 0 0 
_5.ptx 261 : 3680 44480 0 0 0 0 0 0 0 
_5.ptx 262 : 3680 77376 0 0 0 0 0 0 0 
_5.ptx 263 : 3680 31104 0 0 0 0 0 0 0 
_5.ptx 264 : 3680 0 0 0 0 0 0 0 0 
_5.ptx 265 : 3680 673312 0 0 0 0 0 0 0 
_5.ptx 266 : 3680 11040 0 0 0 0 0 0 0 
_5.ptx 267 : 3680 562624 0 0 0 0 0 0 0 
_5.ptx 268 : 3680 29440 0 0 0 0 0 0 0 
_5.ptx 269 : 3680 43552 0 0 0 0 0 0 0 
_5.ptx 270 : 3680 41152 0 0 0 0 0 0 0 
_5.ptx 271 : 3680 11040 0 0 0 0 0 0 0 
_5.ptx 272 : 3680 11040 0 0 0 0 0 0 0 
_5.ptx 273 : 3680 42528 0 0 0 0 0 0 0 
_5.ptx 274 : 3680 43808 0 0 0 0 0 0 0 
_5.ptx 275 : 3680 28480 0 0 0 0 0 0 0 
_5.ptx 276 : 3680 45984 0 0 0 0 0 0 0 
_5.ptx 277 : 3680 42400 0 0 0 0 0 0 0 
_5.ptx 278 : 3680 33184 0 0 0 0 0 0 0 
_5.ptx 279 : 3680 55040 0 0 0 0 0 0 0 
_5.ptx 280 : 3680 44192 0 0 0 0 0 0 0 
_5.ptx 281 : 3680 45344 0 0 0 0 0 0 0 
_5.ptx 282 : 3680 79904 0 0 0 0 0 0 0 
_5.ptx 283 : 3680 47968 0 0 0 0 0 0 0 
_5.ptx 284 : 3680 33312 0 0 0 0 0 0 0 
_5.ptx 285 : 3680 81056 0 0 0 0 0 0 0 
_5.ptx 286 : 3680 34592 0 0 0 0 0 0 0 
_5.ptx 287 : 3680 29952 0 0 0 0 0 0 0 
_5.ptx 288 : 3680 29632 0 0 0 0 0 0 0 
_5.ptx 289 : 3680 31296 0 0 0 0 0 0 0 
_5.ptx 292 : 7360 0 0 0 0 0 0 0 0 
_5.ptx 293 : 7360 83968 0 0 0 0 0 0 0 
_5.ptx 294 : 7360 95104 0 0 0 0 0 0 0 
_5.ptx 295 : 7360 86048 0 0 0 0 0 0 0 
_5.ptx 296 : 7360 86144 0 0 0 0 0 0 0 
_5.ptx 297 : 7360 63104 0 0 0 0 0 0 0 
_5.ptx 298 : 7360 92160 0 0 0 0 0 0 0 
_5.ptx 299 : 7360 86848 0 0 0 0 0 0 0 
_5.ptx 300 : 7360 64160 0 0 0 0 0 0 0 
_3.ptx 300 : 21568 132160 0 0 0 0 0 0 0 
_3.ptx 301 : 21568 132000 0 0 0 0 0 0 0 
_3.ptx 302 : 21568 326304 0 0 0 0 0 0 0 
_5.ptx 303 : 14720 1651520 58880 0 0 2080 460 0 0 
_3.ptx 303 : 21568 131008 0 0 0 0 0 0 0 
_5.ptx 304 : 14720 126176 0 0 0 0 0 0 0 
_3.ptx 304 : 21568 131744 0 0 0 0 0 0 0 
_5.ptx 305 : 14720 61232 0 0 0 0 0 0 342 
_3.ptx 305 : 21568 385088 0 0 0 0 0 0 0 
_3.ptx 306 : 21568 144768 0 0 0 0 0 0 0 
_5.ptx 307 : 5925 46139 0 0 0 0 0 0 0 
_3.ptx 307 : 21568 258560 0 0 0 0 0 0 0 
_3.ptx 308 : 21568 161504 0 0 0 0 0 0 0 
_5.ptx 309 : 5925 46502 0 0 0 0 0 0 0 
_3.ptx 309 : 21568 250240 0 0 0 0 0 0 0 
_3.ptx 310 : 21568 70496 0 0 0 0 0 0 0 
_5.ptx 311 : 14720 159968 0 0 0 0 0 0 0 
_3.ptx 311 : 21568 69216 0 0 0 0 0 0 0 
_5.ptx 312 : 14720 160160 0 0 0 0 0 0 0 
_3.ptx 312 : 21568 177632 0 0 0 0 0 0 0 
_5.ptx 313 : 14720 128800 0 0 0 0 0 0 0 
_3.ptx 313 : 21568 156960 0 0 0 0 0 0 0 
_5.ptx 314 : 14720 50336 0 0 0 0 0 0 0 
_3.ptx 314 : 21568 178464 0 0 0 0 0 0 0 
_3.ptx 315 : 21568 161088 0 0 0 0 0 0 0 
_5.ptx 316 : 7360 81472 0 0 0 0 0 0 0 
_3.ptx 316 : 21568 182592 0 0 0 0 0 0 0 
_5.ptx 317 : 7360 64096 0 0 0 0 0 0 0 
_3.ptx 317 : 21568 137280 0 0 0 0 0 0 0 
_5.ptx 318 : 7360 25248 0 0 0 0 0 0 0 
_3.ptx 318 : 21568 178528 0 0 0 0 0 0 0 
_5.ptx 319 : 3680 26240 0 0 0 0 0 0 0 
_3.ptx 319 : 21568 42560 0 0 0 0 0 0 162 
_3.ptx 321 : 14736 45792 0 0 0 0 0 0 0 
_3.ptx 322 : 14736 170560 0 0 0 0 0 0 0 
_3.ptx 323 : 14736 164696 0 0 0 0 0 0 0 
_3.ptx 324 : 14736 108304 0 0 0 0 0 0 0 
_5.ptx 325 : 3680 21216 14720 0 0 115 115 0 0 
_3.ptx 325 : 14736 161680 0 0 0 0 0 0 0 
_3.ptx 326 : 14736 164224 0 0 0 0 0 0 0 
_5.ptx 327 : 3680 20832 14720 0 0 115 115 0 0 
_3.ptx 327 : 14736 5476104 59136 0 0 1818 546 0 0 
_5.ptx 328 : 3680 42208 0 0 0 0 0 0 0 
_3.ptx 328 : 14736 376968 0 0 0 0 0 0 0 
_5.ptx 329 : 3680 42592 0 0 0 0 0 0 0 
_3.ptx 329 : 14736 105832 0 0 0 0 0 0 0 
_5.ptx 330 : 3680 43136 0 0 0 0 0 0 0 
_3.ptx 330 : 14736 154016 0 0 0 0 0 0 0 
_5.ptx 331 : 3680 32064 0 0 0 0 0 0 0 
_3.ptx 331 : 14736 163200 0 0 0 0 0 0 0 
_5.ptx 332 : 3680 0 0 0 0 0 0 0 0 
_3.ptx 332 : 14736 3260608 768 0 0 562 546 0 0 
_3.ptx 333 : 14736 163056 0 0 0 0 0 0 0 
_3.ptx 334 : 14736 343792 0 0 0 1818 546 0 0 
_5.ptx 335 : 4096 27872 0 0 0 0 0 0 0 
_3.ptx 337 : 21568 129984 0 0 0 0 0 0 0 
