kernel line : count latency dram_traffic smem_bk_conflicts smem_warp gmem_access_generated gmem_warp exposed_latency warp_divergence
_3.ptx 65 : 659712 4059648 0 0 0 0 0 0 0 
_3.ptx 66 : 659712 4094624 0 0 0 0 0 0 0 
_3.ptx 67 : 659712 7817440 0 0 0 0 0 0 0 
_3.ptx 68 : 659712 4029696 0 0 0 0 0 0 0 
_3.ptx 69 : 659712 4071040 0 0 0 0 0 0 0 
_4.ptx 70 : 369664 2670272 0 0 0 0 0 0 0 
_3.ptx 70 : 659712 8107872 0 0 0 0 0 0 0 
_4.ptx 71 : 369664 2682112 0 0 0 0 0 0 0 
_3.ptx 71 : 659712 4066976 0 0 0 0 0 0 0 
_4.ptx 72 : 369664 5938272 0 0 0 0 0 0 0 
_3.ptx 72 : 659712 7372320 0 0 0 0 0 0 0 
_4.ptx 73 : 369664 2462272 0 0 0 0 0 0 0 
_3.ptx 73 : 659712 4167424 0 0 0 0 0 0 0 
_4.ptx 74 : 369664 4327072 0 0 0 0 0 0 0 
_3.ptx 74 : 659712 7347904 0 0 0 0 0 0 0 
_4.ptx 75 : 369664 3143424 0 0 0 0 0 0 0 
_3.ptx 75 : 659712 7595712 0 0 0 0 0 0 0 
_4.ptx 76 : 369664 5591840 128 0 0 0 0 0 0 
_3.ptx 76 : 659712 6403584 0 0 0 0 0 0 0 
_4.ptx 77 : 369664 3146720 0 0 0 0 0 0 0 
_3.ptx 77 : 659712 5379360 0 0 0 0 0 0 0 
_4.ptx 78 : 369664 6267 0 0 0 0 0 0 1 
_3.ptx 78 : 659712 4812000 0 0 0 0 0 0 0 
_4.ptx 79 : 368755 2786745 0 0 0 0 0 0 0 
_3.ptx 79 : 659712 5372096 0 0 0 0 0 0 0 
_4.ptx 80 : 368755 2511858 0 0 0 0 0 0 0 
_3.ptx 80 : 659712 4806624 0 0 0 0 0 0 0 
_4.ptx 81 : 368755 3139672 0 0 0 0 0 0 0 
_3.ptx 81 : 659712 5412512 0 0 0 0 0 0 0 
_4.ptx 82 : 368755 2488786 0 0 0 0 0 0 0 
_3.ptx 82 : 659712 4084800 0 0 0 0 0 0 0 
_4.ptx 83 : 368755 8518266 0 0 0 0 0 0 0 
_3.ptx 83 : 659712 5381856 0 0 0 0 0 0 0 
_4.ptx 84 : 368755 2533497 0 0 0 0 0 0 0 
_3.ptx 84 : 659712 59224 0 0 0 0 0 0 172 
_4.ptx 85 : 368755 2294713 0 0 0 0 0 0 0 
_3.ptx 85 : 650080 7125784 0 0 0 0 0 0 0 
_4.ptx 86 : 368755 2242297 0 0 0 0 0 0 0 
_3.ptx 86 : 650080 3989928 0 0 0 0 0 0 0 
_3.ptx 87 : 650080 5300888 0 0 0 0 0 0 0 
_3.ptx 88 : 650080 0 0 0 0 0 0 0 0 
_3.ptx 89 : 650080 4698608 0 0 0 0 0 0 0 
_4.ptx 90 : 368755 63053919 0 0 0 0 0 0 0 
_3.ptx 90 : 650080 7350928 0 0 0 0 0 0 0 
_4.ptx 91 : 368755 3086456 0 0 0 0 0 0 0 
_3.ptx 91 : 650080 4749080 0 0 0 0 0 0 0 
_4.ptx 92 : 368755 63507296 0 0 0 0 0 0 0 
_3.ptx 92 : 650080 7274368 0 0 0 0 0 0 0 
_4.ptx 93 : 368755 3134584 0 0 0 0 0 0 0 
_3.ptx 93 : 650080 4772648 0 0 0 0 0 0 0 
_4.ptx 94 : 368755 7278702 0 0 0 0 0 0 0 
_3.ptx 94 : 650080 6742136 0 0 0 0 0 0 0 
_4.ptx 95 : 368755 7259938 0 0 0 0 0 0 0 
_3.ptx 95 : 650080 7165232 0 0 0 0 0 0 0 
_4.ptx 96 : 368755 6713262 0 0 0 0 0 0 0 
_3.ptx 96 : 650080 4817272 0 0 0 0 0 0 0 
_4.ptx 97 : 368755 4314641 0 0 0 0 0 0 0 
_3.ptx 97 : 650080 7185744 0 0 0 0 0 0 0 
_4.ptx 98 : 368755 6504324 0 0 0 0 0 0 0 
_3.ptx 98 : 650080 7227672 0 0 0 0 0 0 0 
_4.ptx 99 : 368755 4294436 0 0 0 0 0 0 0 
_3.ptx 99 : 650080 6768592 0 0 0 0 0 0 0 
_4.ptx 100 : 368755 3033573 0 0 0 0 0 0 0 
_3.ptx 100 : 650080 7833632 0 0 0 0 0 0 0 
_4.ptx 101 : 368755 6206769 0 0 0 0 0 0 0 
_3.ptx 101 : 650080 7234496 0 0 0 0 0 0 0 
_4.ptx 102 : 368755 4289450 0 0 0 0 0 0 0 
_3.ptx 102 : 650080 4721952 0 0 0 0 0 0 0 
_4.ptx 103 : 368755 0 0 0 0 0 0 0 0 
_3.ptx 103 : 650080 6967288 0 0 0 0 0 0 0 
_4.ptx 104 : 368755 2852537 0 0 0 0 0 0 0 
_3.ptx 104 : 650080 7222888 0 0 0 0 0 0 0 
_4.ptx 105 : 368755 6034468 0 0 0 0 0 0 0 
_3.ptx 105 : 650080 9012680 0 0 0 0 0 0 0 
_4.ptx 106 : 368755 2611545 0 0 0 0 0 0 0 
_3.ptx 106 : 650080 4713672 0 0 0 0 0 0 0 
_4.ptx 107 : 368755 4242417 0 0 0 0 0 0 0 
_3.ptx 107 : 650080 6815608 0 0 0 0 0 0 0 
_4.ptx 108 : 368755 5871825 0 0 0 0 0 0 0 
_3.ptx 108 : 650080 7222664 0 0 0 0 0 0 0 
_4.ptx 109 : 368755 4253937 0 0 0 0 0 0 0 
_3.ptx 109 : 650080 216531424 2600320 0 0 81260 20444 0 0 
_4.ptx 110 : 368755 2517785 0 0 0 0 0 0 0 
_3.ptx 110 : 650080 4681320 0 0 0 0 0 0 0 
_4.ptx 111 : 368755 5793751 0 0 0 0 0 0 0 
_4.ptx 112 : 368755 4300017 0 0 0 0 0 0 0 
_4.ptx 113 : 368755 2662137 0 0 0 0 0 0 0 
_4.ptx 114 : 368755 2514361 0 0 0 0 0 0 0 
_3.ptx 114 : 1823130144 209078596600 203164160 0 0 227891268 57419988 0 0 
_4.ptx 115 : 368755 5546761 0 0 0 0 0 0 0 
_3.ptx 115 : 1823130144 552722682720 2183865216 0 0 57419988 57419988 0 0 
_4.ptx 116 : 368755 4289700 0 0 0 0 0 0 0 
_3.ptx 116 : 1823130144 16504624720 0 0 0 0 0 0 0 
_4.ptx 117 : 368755 3011448 0 0 0 0 0 0 0 
_3.ptx 117 : 1823130144 57103801336 0 0 0 227891268 57419988 0 0 
_4.ptx 118 : 368755 5284273 0 0 0 0 0 0 0 
_3.ptx 118 : 1823130144 18407661424 0 0 0 0 0 0 0 
_4.ptx 119 : 368755 4323268 0 0 0 0 0 0 0 
_3.ptx 119 : 1823130144 18401087656 0 0 0 0 0 0 0 
_4.ptx 120 : 368755 3005413 0 0 0 0 0 0 0 
_3.ptx 120 : 1823130144 20370721752 0 0 0 0 0 0 0 
_6.ptx 120 : 672768 4468064 0 0 0 0 0 0 0 
_4.ptx 121 : 368755 3060325 0 0 0 0 0 0 0 
_3.ptx 121 : 1823130144 14848452840 0 0 0 0 0 0 0 
_6.ptx 121 : 672768 4509600 0 0 0 0 0 0 0 
_4.ptx 122 : 368755 5206801 0 0 0 0 0 0 0 
_3.ptx 122 : 1823130144 11121851448 0 0 0 0 0 0 0 
_6.ptx 122 : 672768 11958272 0 0 0 0 0 0 0 
_4.ptx 123 : 368755 3013605 0 0 0 0 0 0 0 
_6.ptx 123 : 672768 4410816 0 0 0 0 0 0 0 
_4.ptx 124 : 368755 4802558 0 0 0 0 0 0 0 
_6.ptx 124 : 672768 7863296 0 0 0 0 0 0 0 
_4.ptx 125 : 368755 2791058 0 0 0 0 0 0 0 
_6.ptx 125 : 672768 5531008 0 0 0 0 0 0 0 
_4.ptx 126 : 368755 3109317 0 0 0 0 0 0 0 
_3.ptx 126 : 659712 4122880 0 0 0 0 0 0 0 
_6.ptx 126 : 672768 2215008 0 0 0 0 0 0 0 
_6.ptx 127 : 672768 5737056 0 0 0 0 0 0 0 
_6.ptx 128 : 672768 7424 0 0 0 0 0 0 0 
_4.ptx 129 : 1552113 12205328 0 0 0 0 0 0 0 
_6.ptx 129 : 671712 4955008 0 0 0 0 0 0 0 
_4.ptx 130 : 1552113 17934561 0 0 0 0 0 0 0 
_6.ptx 130 : 671712 9396704 0 0 0 0 0 0 0 
_4.ptx 131 : 1552113 12674543 0 0 0 0 0 0 0 
_6.ptx 131 : 671712 5086752 0 0 0 0 0 0 0 
_4.ptx 132 : 1552113 11509949 0 0 0 0 0 0 0 
_6.ptx 132 : 671712 9660352 0 0 0 0 0 0 0 
_4.ptx 133 : 1552113 13604840 0 0 0 0 0 0 0 
_6.ptx 133 : 671712 5174848 0 0 0 0 0 0 0 
_4.ptx 134 : 1552113 10854681 0 0 0 0 0 0 0 
_6.ptx 134 : 671712 2400864 0 0 0 0 0 0 0 
_4.ptx 135 : 1552113 12469264 0 0 0 0 0 0 0 
_6.ptx 135 : 671712 7657632 0 0 0 0 0 0 0 
_6.ptx 136 : 671712 9340640 0 0 0 0 0 0 0 
_6.ptx 137 : 671712 2719136 0 0 0 0 0 0 0 
_6.ptx 138 : 671712 7601312 0 0 0 0 0 0 0 
_4.ptx 139 : 7321179 1012788 0 0 0 0 0 0 9024 
_4.ptx 140 : 7177563 82484473 0 0 0 0 0 0 0 
_4.ptx 141 : 7177563 49443982 0 0 0 0 0 0 0 
_6.ptx 142 : 671712 294956544 2686848 0 0 20991 20991 0 0 
_4.ptx 142 : 7177563 61050196 0 0 0 0 0 0 0 
_6.ptx 143 : 671712 4700576 0 0 0 0 0 0 0 
_4.ptx 143 : 7177563 971895 0 0 0 0 0 0 73400 
_6.ptx 144 : 671712 13685792 0 0 0 0 0 0 0 
_4.ptx 144 : 7037275 59556642 0 0 0 0 0 0 0 
_6.ptx 145 : 671712 6355520 2686848 0 0 20991 20991 0 0 
_4.ptx 145 : 7037275 934054 0 0 0 0 0 0 8920 
_6.ptx 146 : 671712 7643936 0 0 0 0 0 0 0 
_4.ptx 146 : 6896987 58427786 0 0 0 0 0 0 0 
_6.ptx 147 : 671712 7677344 0 0 0 0 0 0 0 
_4.ptx 147 : 6896987 930435 0 0 0 0 0 0 72256 
_6.ptx 148 : 671712 7825952 0 0 0 0 0 0 0 
_6.ptx 149 : 671712 5743200 0 0 0 0 0 0 0 
_4.ptx 149 : 6760027 83471165 0 0 0 0 0 0 0 
_6.ptx 150 : 671712 0 0 0 0 0 0 0 0 
_4.ptx 150 : 6760027 77130750 0 0 0 0 0 0 0 
_4.ptx 151 : 6760027 52274762 0 0 0 0 0 0 0 
_4.ptx 152 : 6760027 77675854 0 0 0 0 0 0 0 
_6.ptx 153 : 672768 4551232 0 0 0 0 0 0 0 
_4.ptx 153 : 6760027 77219611 0 0 0 0 0 0 0 
_4.ptx 154 : 6760027 444103215 3095040 0 0 551294 226900 0 0 
_4.ptx 155 : 6760027 45036031 0 0 0 0 0 0 0 
_4.ptx 158 : 561152 3789934 0 0 0 0 0 0 0 
_4.ptx 160 : 7321179 289852000 23714816 0 0 462849 228836 0 0 
_4.ptx 161 : 7321179 76419575 0 0 0 0 0 0 0 
_4.ptx 162 : 7321179 84275371 0 0 0 0 0 0 0 
_4.ptx 163 : 7321179 63498067 0 0 0 0 0 0 0 
_4.ptx 164 : 7321179 39665629 0 0 0 0 0 0 0 
_4.ptx 165 : 1552113 19587169 0 0 0 0 0 0 0 
_4.ptx 166 : 1552113 18341449 0 0 0 0 0 0 0 
_4.ptx 167 : 1552113 17742945 0 0 0 0 0 0 0 
_4.ptx 168 : 1552113 16671504 0 0 0 0 0 0 0 
_4.ptx 169 : 1552113 13255201 0 0 0 0 0 0 0 
_4.ptx 170 : 1552113 8055789 0 0 0 0 0 0 0 
_4.ptx 172 : 368755 4204689 0 0 0 0 0 0 0 
_4.ptx 173 : 368755 3130360 0 0 0 0 0 0 0 
_4.ptx 174 : 368755 0 0 0 0 0 0 0 0 
_4.ptx 177 : 369664 2508096 0 0 0 0 0 0 0 
_5.ptx 226 : 122880 843040 0 0 0 0 0 0 0 
_5.ptx 227 : 122880 847232 0 0 0 0 0 0 0 
_5.ptx 228 : 122880 2290688 0 0 0 0 0 0 0 
_5.ptx 229 : 122880 805824 0 0 0 0 0 0 0 
_5.ptx 230 : 122880 1460992 0 0 0 0 0 0 0 
_5.ptx 231 : 122880 1040480 0 0 0 0 0 0 0 
_5.ptx 232 : 122880 496832 0 0 0 0 0 0 0 
_5.ptx 233 : 122880 1049408 0 0 0 0 0 0 0 
_5.ptx 234 : 122880 2816 0 0 0 0 0 0 0 
_5.ptx 235 : 122464 893408 0 0 0 0 0 0 0 
_5.ptx 236 : 122464 2190048 0 0 0 0 0 0 0 
_5.ptx 237 : 122464 930656 0 0 0 0 0 0 0 
_5.ptx 238 : 122464 2316736 0 0 0 0 0 0 0 
_5.ptx 239 : 122464 942016 0 0 0 0 0 0 0 
_5.ptx 240 : 122464 491392 0 0 0 0 0 0 0 
_5.ptx 241 : 122464 1388128 0 0 0 0 0 0 0 
_5.ptx 242 : 122464 2470240 0 0 0 0 0 0 0 
_5.ptx 243 : 122464 478816 0 0 0 0 0 0 0 
_5.ptx 244 : 122464 1382688 0 0 0 0 0 0 0 
_5.ptx 245 : 122464 477824 0 0 0 0 0 0 0 
_5.ptx 246 : 122464 478720 0 0 0 0 0 0 0 
_5.ptx 247 : 122464 475488 0 0 0 0 0 0 0 
_5.ptx 248 : 122464 475072 0 0 0 0 0 0 0 
_5.ptx 249 : 122464 471936 0 0 0 0 0 0 0 
_5.ptx 250 : 122464 470176 0 0 0 0 0 0 0 
_5.ptx 254 : 122464 21283776 0 0 0 0 0 0 0 
_5.ptx 255 : 122464 1082784 0 0 0 0 0 0 0 
_5.ptx 256 : 122464 2592576 0 0 0 0 0 0 0 
_5.ptx 257 : 122464 1440000 0 0 0 0 0 0 0 
_5.ptx 258 : 122464 873632 0 0 0 0 0 0 0 
_5.ptx 259 : 122464 2566720 0 0 0 0 0 0 0 
_5.ptx 260 : 122464 1129824 0 0 0 0 0 0 0 
_5.ptx 261 : 122464 1509696 0 0 0 0 0 0 0 
_5.ptx 262 : 122464 2584576 0 0 0 0 0 0 0 
_5.ptx 263 : 122464 1113280 0 0 0 0 0 0 0 
_5.ptx 264 : 122464 0 0 0 0 0 0 0 0 
_5.ptx 265 : 122464 21416032 0 0 0 0 0 0 0 
_5.ptx 266 : 122464 603712 0 0 0 0 0 0 0 
_5.ptx 267 : 122464 21699616 0 0 0 0 0 0 0 
_5.ptx 268 : 122464 1054720 0 0 0 0 0 0 0 
_5.ptx 269 : 122464 2826368 0 0 0 0 0 0 0 
_5.ptx 270 : 122464 1418656 0 0 0 0 0 0 0 
_5.ptx 271 : 122464 642944 0 0 0 0 0 0 0 
_5.ptx 272 : 122464 630208 0 0 0 0 0 0 0 
_5.ptx 273 : 122464 2438720 0 0 0 0 0 0 0 
_5.ptx 274 : 122464 2268512 0 0 0 0 0 0 0 
_5.ptx 275 : 122464 1040480 0 0 0 0 0 0 0 
_5.ptx 276 : 122464 1959040 0 0 0 0 0 0 0 
_5.ptx 277 : 122464 1471936 0 0 0 0 0 0 0 
_5.ptx 278 : 122464 1140768 0 0 0 0 0 0 0 
_5.ptx 279 : 122464 2195616 0 0 0 0 0 0 0 
_5.ptx 280 : 122464 1505888 0 0 0 0 0 0 0 
_5.ptx 281 : 122464 1508640 0 0 0 0 0 0 0 
_5.ptx 282 : 122464 2613184 0 0 0 0 0 0 0 
_5.ptx 283 : 122464 1551200 0 0 0 0 0 0 0 
_5.ptx 284 : 122464 1029408 0 0 0 0 0 0 0 
_5.ptx 285 : 122464 2629888 0 0 0 0 0 0 0 
_5.ptx 286 : 122464 1164512 0 0 0 0 0 0 0 
_5.ptx 287 : 122464 1000224 0 0 0 0 0 0 0 
_5.ptx 288 : 122464 1015744 0 0 0 0 0 0 0 
_5.ptx 289 : 122464 1090496 0 0 0 0 0 0 0 
_5.ptx 292 : 367392 0 0 0 0 0 0 0 0 
_5.ptx 293 : 367392 4373664 0 0 0 0 0 0 0 
_5.ptx 294 : 367392 4907712 0 0 0 0 0 0 0 
_5.ptx 295 : 367392 4383968 0 0 0 0 0 0 0 
_5.ptx 296 : 367392 4423552 0 0 0 0 0 0 0 
_5.ptx 297 : 367392 3190976 0 0 0 0 0 0 0 
_5.ptx 298 : 367392 4675456 0 0 0 0 0 0 0 
_5.ptx 299 : 367392 4402272 0 0 0 0 0 0 0 
_5.ptx 300 : 367392 3261056 0 0 0 0 0 0 0 
_3.ptx 300 : 659712 4034688 0 0 0 0 0 0 0 
_3.ptx 301 : 659712 4059136 0 0 0 0 0 0 0 
_3.ptx 302 : 659712 7894528 0 0 0 0 0 0 0 
_5.ptx 303 : 1102176 92996800 2081152 0 0 154368 34443 0 0 
_3.ptx 303 : 659712 3991232 0 0 0 0 0 0 0 
_5.ptx 304 : 1102176 9858496 0 0 0 0 0 0 0 
_3.ptx 304 : 659712 4015328 0 0 0 0 0 0 0 
_5.ptx 305 : 1102176 6651616 0 0 0 0 0 0 23224 
_3.ptx 305 : 659712 8194080 0 0 0 0 0 0 0 
_3.ptx 306 : 659712 4050400 0 0 0 0 0 0 0 
_5.ptx 307 : 221181 1788737 0 0 0 0 0 0 0 
_3.ptx 307 : 659712 7373504 0 0 0 0 0 0 0 
_3.ptx 308 : 659712 4136512 0 0 0 0 0 0 0 
_5.ptx 309 : 221181 1791605 0 0 0 0 0 0 0 
_3.ptx 309 : 659712 7337056 0 0 0 0 0 0 0 
_3.ptx 310 : 659712 10343872 0 0 0 0 0 0 0 
_5.ptx 311 : 1102176 12409888 0 0 0 0 0 0 0 
_3.ptx 311 : 659712 8506400 0 0 0 0 0 0 0 
_5.ptx 312 : 1102176 12404896 0 0 0 0 0 0 0 
_3.ptx 312 : 659712 5348000 0 0 0 0 0 0 0 
_5.ptx 313 : 1102176 9990176 0 0 0 0 0 0 0 
_3.ptx 313 : 659712 4741920 0 0 0 0 0 0 0 
_5.ptx 314 : 1102176 5512480 0 0 0 0 0 0 0 
_3.ptx 314 : 659712 5349184 0 0 0 0 0 0 0 
_3.ptx 315 : 659712 4750880 0 0 0 0 0 0 0 
_5.ptx 316 : 367392 4166080 0 0 0 0 0 0 0 
_3.ptx 316 : 659712 5382592 0 0 0 0 0 0 0 
_5.ptx 317 : 367392 3330368 0 0 0 0 0 0 0 
_3.ptx 317 : 659712 4037024 0 0 0 0 0 0 0 
_5.ptx 318 : 367392 1867488 0 0 0 0 0 0 0 
_3.ptx 318 : 659712 5353792 0 0 0 0 0 0 0 
_5.ptx 319 : 122464 926816 0 0 0 0 0 0 0 
_3.ptx 319 : 659712 58072 0 0 0 0 0 0 172 
_3.ptx 321 : 650080 8919888 0 0 0 0 0 0 0 
_3.ptx 322 : 650080 7366512 0 0 0 0 0 0 0 
_3.ptx 323 : 650080 7200680 0 0 0 0 0 0 0 
_3.ptx 324 : 650080 4647504 0 0 0 0 0 0 0 
_5.ptx 325 : 122464 915968 489856 0 0 3827 3827 0 0 
_3.ptx 325 : 650080 6754776 0 0 0 0 0 0 0 
_3.ptx 326 : 650080 7194888 0 0 0 0 0 0 0 
_5.ptx 327 : 122464 886816 489856 0 0 3827 3827 0 0 
_3.ptx 327 : 650080 282033760 2600960 0 0 101575 20444 0 0 
_5.ptx 328 : 122464 1425728 0 0 0 0 0 0 0 
_3.ptx 328 : 650080 21230608 0 0 0 0 0 0 0 
_5.ptx 329 : 122464 1445824 0 0 0 0 0 0 0 
_3.ptx 329 : 650080 4623824 0 0 0 0 0 0 0 
_5.ptx 330 : 122464 1455712 0 0 0 0 0 0 0 
_3.ptx 330 : 650080 6674680 0 0 0 0 0 0 0 
_5.ptx 331 : 122464 1103680 0 0 0 0 0 0 0 
_3.ptx 331 : 650080 7192704 0 0 0 0 0 0 0 
_5.ptx 332 : 122464 0 0 0 0 0 0 0 0 
_3.ptx 332 : 650080 46362736 5888 0 0 24695 20444 0 0 
_3.ptx 333 : 650080 7175912 0 0 0 0 0 0 0 
_3.ptx 334 : 650080 28286816 0 0 0 101575 20444 0 0 
_5.ptx 335 : 122880 929312 0 0 0 0 0 0 0 
_3.ptx 337 : 659712 3981728 0 0 0 0 0 0 0 
