kernel line : count latency dram_traffic smem_bk_conflicts smem_warp gmem_access_generated gmem_warp exposed_latency warp_divergence
_3.ptx 65 : 659712 4017312 0 0 0 0 0 0 0 
_3.ptx 66 : 659712 4044448 0 0 0 0 0 0 0 
_3.ptx 67 : 659712 7802976 0 0 0 0 0 0 0 
_3.ptx 68 : 659712 3996384 0 0 0 0 0 0 0 
_3.ptx 69 : 659712 4022176 0 0 0 0 0 0 0 
_4.ptx 70 : 369664 2405632 0 0 0 0 0 0 0 
_3.ptx 70 : 659712 8087200 0 0 0 0 0 0 0 
_4.ptx 71 : 369664 2423104 0 0 0 0 0 0 0 
_3.ptx 71 : 659712 4040160 0 0 0 0 0 0 0 
_4.ptx 72 : 369664 6463648 0 0 0 0 0 0 0 
_3.ptx 72 : 659712 7346144 0 0 0 0 0 0 0 
_4.ptx 73 : 369664 2317376 0 0 0 0 0 0 0 
_3.ptx 73 : 659712 4117856 0 0 0 0 0 0 0 
_4.ptx 74 : 369664 4232832 0 0 0 0 0 0 0 
_3.ptx 74 : 659712 7323456 0 0 0 0 0 0 0 
_4.ptx 75 : 369664 2964192 0 0 0 0 0 0 0 
_3.ptx 75 : 659712 13640192 0 0 0 0 0 0 0 
_4.ptx 76 : 369664 16902144 128 0 0 0 0 0 0 
_3.ptx 76 : 659712 11198912 0 0 0 0 0 0 0 
_4.ptx 77 : 369664 3100320 0 0 0 0 0 0 0 
_3.ptx 77 : 659712 5360288 0 0 0 0 0 0 0 
_4.ptx 78 : 369664 5851 0 0 0 0 0 0 1 
_3.ptx 78 : 659712 4780576 0 0 0 0 0 0 0 
_4.ptx 79 : 368755 13177593 0 0 0 0 0 0 0 
_3.ptx 79 : 659712 5351424 0 0 0 0 0 0 0 
_4.ptx 80 : 368755 2432370 0 0 0 0 0 0 0 
_3.ptx 80 : 659712 4764672 0 0 0 0 0 0 0 
_4.ptx 81 : 368755 3096312 0 0 0 0 0 0 0 
_3.ptx 81 : 659712 5370848 0 0 0 0 0 0 0 
_4.ptx 82 : 368755 2450578 0 0 0 0 0 0 0 
_3.ptx 82 : 659712 4029056 0 0 0 0 0 0 0 
_4.ptx 83 : 368755 7335322 0 0 0 0 0 0 0 
_3.ptx 83 : 659712 5345408 0 0 0 0 0 0 0 
_4.ptx 84 : 368755 14495673 0 0 0 0 0 0 0 
_3.ptx 84 : 659712 58216 0 0 0 0 0 0 172 
_4.ptx 85 : 368755 12334361 0 0 0 0 0 0 0 
_3.ptx 85 : 650080 13020776 0 0 0 0 0 0 0 
_4.ptx 86 : 368755 12010169 0 0 0 0 0 0 0 
_3.ptx 86 : 650080 3958104 0 0 0 0 0 0 0 
_3.ptx 87 : 650080 5270832 0 0 0 0 0 0 0 
_3.ptx 88 : 650080 0 0 0 0 0 0 0 0 
_3.ptx 89 : 650080 4653648 0 0 0 0 0 0 0 
_4.ptx 90 : 368755 60415359 0 0 0 0 0 0 0 
_3.ptx 90 : 650080 7306376 0 0 0 0 0 0 0 
_4.ptx 91 : 368755 3060120 0 0 0 0 0 0 0 
_3.ptx 91 : 650080 4676320 0 0 0 0 0 0 0 
_4.ptx 92 : 368755 60685056 0 0 0 0 0 0 0 
_3.ptx 92 : 650080 7223896 0 0 0 0 0 0 0 
_4.ptx 93 : 368755 3029976 0 0 0 0 0 0 0 
_3.ptx 93 : 650080 4690160 0 0 0 0 0 0 0 
_4.ptx 94 : 368755 5881454 0 0 0 0 0 0 0 
_3.ptx 94 : 650080 6669856 0 0 0 0 0 0 0 
_4.ptx 95 : 368755 5892066 0 0 0 0 0 0 0 
_3.ptx 95 : 650080 12628032 0 0 0 0 0 0 0 
_4.ptx 96 : 368755 5613902 0 0 0 0 0 0 0 
_3.ptx 96 : 650080 4747184 0 0 0 0 0 0 0 
_4.ptx 97 : 368755 4120913 0 0 0 0 0 0 0 
_3.ptx 97 : 650080 7084072 0 0 0 0 0 0 0 
_4.ptx 98 : 368755 5566148 0 0 0 0 0 0 0 
_3.ptx 98 : 650080 7202200 0 0 0 0 0 0 0 
_4.ptx 99 : 368755 4117252 0 0 0 0 0 0 0 
_3.ptx 99 : 650080 11711424 0 0 0 0 0 0 0 
_4.ptx 100 : 368755 2731653 0 0 0 0 0 0 0 
_3.ptx 100 : 650080 7784608 0 0 0 0 0 0 0 
_4.ptx 101 : 368755 5281969 0 0 0 0 0 0 0 
_3.ptx 101 : 650080 7201048 0 0 0 0 0 0 0 
_4.ptx 102 : 368755 4128938 0 0 0 0 0 0 0 
_3.ptx 102 : 650080 4653400 0 0 0 0 0 0 0 
_4.ptx 103 : 368755 0 0 0 0 0 0 0 0 
_3.ptx 103 : 650080 6911568 0 0 0 0 0 0 0 
_4.ptx 104 : 368755 16398969 0 0 0 0 0 0 0 
_3.ptx 104 : 650080 7199392 0 0 0 0 0 0 0 
_4.ptx 105 : 368755 5472676 0 0 0 0 0 0 0 
_3.ptx 105 : 650080 14677936 0 0 0 0 0 0 0 
_4.ptx 106 : 368755 14530937 0 0 0 0 0 0 0 
_3.ptx 106 : 650080 4672992 0 0 0 0 0 0 0 
_4.ptx 107 : 368755 4155217 0 0 0 0 0 0 0 
_3.ptx 107 : 650080 6782000 0 0 0 0 0 0 0 
_4.ptx 108 : 368755 5413233 0 0 0 0 0 0 0 
_3.ptx 108 : 650080 7200056 0 0 0 0 0 0 0 
_4.ptx 109 : 368755 4171377 0 0 0 0 0 0 0 
_3.ptx 109 : 650080 253869256 2600320 0 0 81260 20444 0 0 
_4.ptx 110 : 368755 16797017 0 0 0 0 0 0 0 
_3.ptx 110 : 650080 4649832 0 0 0 0 0 0 0 
_4.ptx 111 : 368755 5451447 0 0 0 0 0 0 0 
_4.ptx 112 : 368755 4177841 0 0 0 0 0 0 0 
_4.ptx 113 : 368755 17564889 0 0 0 0 0 0 0 
_4.ptx 114 : 368755 15952729 0 0 0 0 0 0 0 
_3.ptx 114 : 1823130144 286533777416 313047680 0 0 227891268 57419988 0 0 
_4.ptx 115 : 368755 5329449 0 0 0 0 0 0 0 
_3.ptx 115 : 1823130144 661671711008 3412174208 0 0 57419988 57419988 0 0 
_4.ptx 116 : 368755 4185572 0 0 0 0 0 0 0 
_3.ptx 116 : 1823130144 16458602536 0 0 0 0 0 0 0 
_4.ptx 117 : 368755 2835704 0 0 0 0 0 0 0 
_3.ptx 117 : 1823130144 86426635864 0 0 0 227891268 57419988 0 0 
_4.ptx 118 : 368755 5096561 0 0 0 0 0 0 0 
_3.ptx 118 : 1823130144 18340533368 0 0 0 0 0 0 0 
_4.ptx 119 : 368755 4245956 0 0 0 0 0 0 0 
_3.ptx 119 : 1823130144 18330367864 0 0 0 0 0 0 0 
_4.ptx 120 : 368755 2856805 0 0 0 0 0 0 0 
_3.ptx 120 : 1823130144 20254754008 0 0 0 0 0 0 0 
_6.ptx 120 : 672768 4200096 0 0 0 0 0 0 0 
_4.ptx 121 : 368755 2907749 0 0 0 0 0 0 0 
_3.ptx 121 : 1823130144 14723312288 0 0 0 0 0 0 0 
_6.ptx 121 : 672768 4219808 0 0 0 0 0 0 0 
_4.ptx 122 : 368755 5174321 0 0 0 0 0 0 0 
_3.ptx 122 : 1823130144 11032630632 0 0 0 0 0 0 0 
_6.ptx 122 : 672768 12585792 0 0 0 0 0 0 0 
_4.ptx 123 : 368755 2841733 0 0 0 0 0 0 0 
_6.ptx 123 : 672768 4185184 0 0 0 0 0 0 0 
_4.ptx 124 : 368755 4716510 0 0 0 0 0 0 0 
_6.ptx 124 : 672768 7684736 0 0 0 0 0 0 0 
_4.ptx 125 : 368755 2600370 0 0 0 0 0 0 0 
_6.ptx 125 : 672768 5318432 0 0 0 0 0 0 0 
_4.ptx 126 : 368755 2949797 0 0 0 0 0 0 0 
_3.ptx 126 : 659712 4025792 0 0 0 0 0 0 0 
_6.ptx 126 : 672768 4801728 0 0 0 0 0 0 0 
_6.ptx 127 : 672768 5614880 0 0 0 0 0 0 0 
_6.ptx 128 : 672768 6752 0 0 0 0 0 0 0 
_4.ptx 129 : 1552113 11593827 0 0 0 0 0 0 0 
_6.ptx 129 : 671712 4774656 0 0 0 0 0 0 0 
_4.ptx 130 : 1552113 17510433 0 0 0 0 0 0 0 
_6.ptx 130 : 671712 9488928 0 0 0 0 0 0 0 
_4.ptx 131 : 1552113 11924681 0 0 0 0 0 0 0 
_6.ptx 131 : 671712 4935488 0 0 0 0 0 0 0 
_4.ptx 132 : 1552113 10740497 0 0 0 0 0 0 0 
_6.ptx 132 : 671712 9940320 0 0 0 0 0 0 0 
_4.ptx 133 : 1552113 13005230 0 0 0 0 0 0 0 
_6.ptx 133 : 671712 5026144 0 0 0 0 0 0 0 
_4.ptx 134 : 1552113 10036754 0 0 0 0 0 0 0 
_6.ptx 134 : 671712 7414560 0 0 0 0 0 0 0 
_4.ptx 135 : 1552113 11664598 0 0 0 0 0 0 0 
_6.ptx 135 : 671712 7581856 0 0 0 0 0 0 0 
_6.ptx 136 : 671712 9623168 0 0 0 0 0 0 0 
_6.ptx 137 : 671712 7962464 0 0 0 0 0 0 0 
_6.ptx 138 : 671712 7536928 0 0 0 0 0 0 0 
_4.ptx 139 : 7321179 938669 0 0 0 0 0 0 9024 
_4.ptx 140 : 7177563 80648720 0 0 0 0 0 0 0 
_4.ptx 141 : 7177563 45959956 0 0 0 0 0 0 0 
_6.ptx 142 : 671712 872492352 2686848 0 0 20991 20991 0 0 
_4.ptx 142 : 7177563 59088841 0 0 0 0 0 0 0 
_6.ptx 143 : 671712 4548608 0 0 0 0 0 0 0 
_4.ptx 143 : 7177563 892975 0 0 0 0 0 0 73400 
_6.ptx 144 : 671712 13492352 0 0 0 0 0 0 0 
_4.ptx 144 : 7037275 57711945 0 0 0 0 0 0 0 
_6.ptx 145 : 671712 30167968 2686848 0 0 20991 20991 0 0 
_4.ptx 145 : 7037275 875415 0 0 0 0 0 0 8920 
_6.ptx 146 : 671712 7450432 0 0 0 0 0 0 0 
_4.ptx 146 : 6896987 56608458 0 0 0 0 0 0 0 
_6.ptx 147 : 671712 7477408 0 0 0 0 0 0 0 
_4.ptx 147 : 6896987 865819 0 0 0 0 0 0 72256 
_6.ptx 148 : 671712 7596256 0 0 0 0 0 0 0 
_6.ptx 149 : 671712 5498656 0 0 0 0 0 0 0 
_4.ptx 149 : 6760027 78998984 0 0 0 0 0 0 0 
_6.ptx 150 : 671712 0 0 0 0 0 0 0 0 
_4.ptx 150 : 6760027 75479067 0 0 0 0 0 0 0 
_4.ptx 151 : 6760027 49246865 0 0 0 0 0 0 0 
_4.ptx 152 : 6760027 72169592 0 0 0 0 0 0 0 
_6.ptx 153 : 672768 4192576 0 0 0 0 0 0 0 
_4.ptx 153 : 6760027 75301871 0 0 0 0 0 0 0 
_4.ptx 154 : 6760027 1034991182 3291648 0 0 551294 226900 0 0 
_4.ptx 155 : 6760027 41889538 0 0 0 0 0 0 0 
_4.ptx 158 : 561152 3534379 0 0 0 0 0 0 0 
_4.ptx 160 : 7321179 1005355772 29347136 0 0 462849 228836 0 0 
_4.ptx 161 : 7321179 74428368 0 0 0 0 0 0 0 
_4.ptx 162 : 7321179 82200121 0 0 0 0 0 0 0 
_4.ptx 163 : 7321179 60520671 0 0 0 0 0 0 0 
_4.ptx 164 : 7321179 36652675 0 0 0 0 0 0 0 
_4.ptx 165 : 1552113 17981415 0 0 0 0 0 0 0 
_4.ptx 166 : 1552113 16672707 0 0 0 0 0 0 0 
_4.ptx 167 : 1552113 17378177 0 0 0 0 0 0 0 
_4.ptx 168 : 1552113 16130397 0 0 0 0 0 0 0 
_4.ptx 169 : 1552113 12799566 0 0 0 0 0 0 0 
_4.ptx 170 : 1552113 7492333 0 0 0 0 0 0 0 
_4.ptx 172 : 368755 4122769 0 0 0 0 0 0 0 
_4.ptx 173 : 368755 3037848 0 0 0 0 0 0 0 
_4.ptx 174 : 368755 0 0 0 0 0 0 0 0 
_4.ptx 177 : 369664 2345152 0 0 0 0 0 0 0 
_5.ptx 226 : 122880 824032 0 0 0 0 0 0 0 
_5.ptx 227 : 122880 830112 0 0 0 0 0 0 0 
_5.ptx 228 : 122880 2335904 0 0 0 0 0 0 0 
_5.ptx 229 : 122880 800480 0 0 0 0 0 0 0 
_5.ptx 230 : 122880 1443456 0 0 0 0 0 0 0 
_5.ptx 231 : 122880 1020576 0 0 0 0 0 0 0 
_5.ptx 232 : 122880 597920 0 0 0 0 0 0 0 
_5.ptx 233 : 122880 1038912 0 0 0 0 0 0 0 
_5.ptx 234 : 122880 2624 0 0 0 0 0 0 0 
_5.ptx 235 : 122464 880160 0 0 0 0 0 0 0 
_5.ptx 236 : 122464 2405152 0 0 0 0 0 0 0 
_5.ptx 237 : 122464 918368 0 0 0 0 0 0 0 
_5.ptx 238 : 122464 2571232 0 0 0 0 0 0 0 
_5.ptx 239 : 122464 935456 0 0 0 0 0 0 0 
_5.ptx 240 : 122464 524640 0 0 0 0 0 0 0 
_5.ptx 241 : 122464 1380224 0 0 0 0 0 0 0 
_5.ptx 242 : 122464 2815520 0 0 0 0 0 0 0 
_5.ptx 243 : 122464 499840 0 0 0 0 0 0 0 
_5.ptx 244 : 122464 1374304 0 0 0 0 0 0 0 
_5.ptx 245 : 122464 466784 0 0 0 0 0 0 0 
_5.ptx 246 : 122464 455264 0 0 0 0 0 0 0 
_5.ptx 247 : 122464 449600 0 0 0 0 0 0 0 
_5.ptx 248 : 122464 461184 0 0 0 0 0 0 0 
_5.ptx 249 : 122464 453024 0 0 0 0 0 0 0 
_5.ptx 250 : 122464 455328 0 0 0 0 0 0 0 
_5.ptx 254 : 122464 21648544 0 0 0 0 0 0 0 
_5.ptx 255 : 122464 1062560 0 0 0 0 0 0 0 
_5.ptx 256 : 122464 2874560 0 0 0 0 0 0 0 
_5.ptx 257 : 122464 1421280 0 0 0 0 0 0 0 
_5.ptx 258 : 122464 842624 0 0 0 0 0 0 0 
_5.ptx 259 : 122464 2543168 0 0 0 0 0 0 0 
_5.ptx 260 : 122464 1106976 0 0 0 0 0 0 0 
_5.ptx 261 : 122464 1490944 0 0 0 0 0 0 0 
_5.ptx 262 : 122464 2570080 0 0 0 0 0 0 0 
_5.ptx 263 : 122464 1098208 0 0 0 0 0 0 0 
_5.ptx 264 : 122464 0 0 0 0 0 0 0 0 
_5.ptx 265 : 122464 21694848 0 0 0 0 0 0 0 
_5.ptx 266 : 122464 582368 0 0 0 0 0 0 0 
_5.ptx 267 : 122464 21995328 0 0 0 0 0 0 0 
_5.ptx 268 : 122464 1030592 0 0 0 0 0 0 0 
_5.ptx 269 : 122464 2968928 0 0 0 0 0 0 0 
_5.ptx 270 : 122464 1419584 0 0 0 0 0 0 0 
_5.ptx 271 : 122464 904032 0 0 0 0 0 0 0 
_5.ptx 272 : 122464 833344 0 0 0 0 0 0 0 
_5.ptx 273 : 122464 2522144 0 0 0 0 0 0 0 
_5.ptx 274 : 122464 2351200 0 0 0 0 0 0 0 
_5.ptx 275 : 122464 1046464 0 0 0 0 0 0 0 
_5.ptx 276 : 122464 2055328 0 0 0 0 0 0 0 
_5.ptx 277 : 122464 1469568 0 0 0 0 0 0 0 
_5.ptx 278 : 122464 1152000 0 0 0 0 0 0 0 
_5.ptx 279 : 122464 2246176 0 0 0 0 0 0 0 
_5.ptx 280 : 122464 1519040 0 0 0 0 0 0 0 
_5.ptx 281 : 122464 1514592 0 0 0 0 0 0 0 
_5.ptx 282 : 122464 2623360 0 0 0 0 0 0 0 
_5.ptx 283 : 122464 1571456 0 0 0 0 0 0 0 
_5.ptx 284 : 122464 1042752 0 0 0 0 0 0 0 
_5.ptx 285 : 122464 2645440 0 0 0 0 0 0 0 
_5.ptx 286 : 122464 1184672 0 0 0 0 0 0 0 
_5.ptx 287 : 122464 1015936 0 0 0 0 0 0 0 
_5.ptx 288 : 122464 1035360 0 0 0 0 0 0 0 
_5.ptx 289 : 122464 1109408 0 0 0 0 0 0 0 
_5.ptx 292 : 367392 0 0 0 0 0 0 0 0 
_5.ptx 293 : 367392 4332384 0 0 0 0 0 0 0 
_5.ptx 294 : 367392 4899360 0 0 0 0 0 0 0 
_5.ptx 295 : 367392 4352608 0 0 0 0 0 0 0 
_5.ptx 296 : 367392 4372544 0 0 0 0 0 0 0 
_5.ptx 297 : 367392 3126496 0 0 0 0 0 0 0 
_5.ptx 298 : 367392 4643232 0 0 0 0 0 0 0 
_5.ptx 299 : 367392 4361472 0 0 0 0 0 0 0 
_5.ptx 300 : 367392 3192960 0 0 0 0 0 0 0 
_3.ptx 300 : 659712 4040064 0 0 0 0 0 0 0 
_3.ptx 301 : 659712 4068384 0 0 0 0 0 0 0 
_3.ptx 302 : 659712 7901440 0 0 0 0 0 0 0 
_5.ptx 303 : 1102176 154510240 2081152 0 0 154368 34443 0 0 
_3.ptx 303 : 659712 3999456 0 0 0 0 0 0 0 
_5.ptx 304 : 1102176 9625312 0 0 0 0 0 0 0 
_3.ptx 304 : 659712 4026720 0 0 0 0 0 0 0 
_5.ptx 305 : 1102176 6361828 0 0 0 0 0 0 23224 
_3.ptx 305 : 659712 8188032 0 0 0 0 0 0 0 
_3.ptx 306 : 659712 4056128 0 0 0 0 0 0 0 
_5.ptx 307 : 221181 1747637 0 0 0 0 0 0 0 
_3.ptx 307 : 659712 7378240 0 0 0 0 0 0 0 
_3.ptx 308 : 659712 4144672 0 0 0 0 0 0 0 
_5.ptx 309 : 221181 1749246 0 0 0 0 0 0 0 
_3.ptx 309 : 659712 7339904 0 0 0 0 0 0 0 
_3.ptx 310 : 659712 13944800 0 0 0 0 0 0 0 
_5.ptx 311 : 1102176 12117856 0 0 0 0 0 0 0 
_3.ptx 311 : 659712 11381568 0 0 0 0 0 0 0 
_5.ptx 312 : 1102176 12124704 0 0 0 0 0 0 0 
_3.ptx 312 : 659712 5353664 0 0 0 0 0 0 0 
_5.ptx 313 : 1102176 9758368 0 0 0 0 0 0 0 
_3.ptx 313 : 659712 4754016 0 0 0 0 0 0 0 
_5.ptx 314 : 1102176 5271808 0 0 0 0 0 0 0 
_3.ptx 314 : 659712 5360256 0 0 0 0 0 0 0 
_3.ptx 315 : 659712 4767552 0 0 0 0 0 0 0 
_5.ptx 316 : 367392 4065184 0 0 0 0 0 0 0 
_3.ptx 316 : 659712 5394560 0 0 0 0 0 0 0 
_5.ptx 317 : 367392 3240096 0 0 0 0 0 0 0 
_3.ptx 317 : 659712 4046176 0 0 0 0 0 0 0 
_5.ptx 318 : 367392 1791008 0 0 0 0 0 0 0 
_3.ptx 318 : 659712 5361024 0 0 0 0 0 0 0 
_5.ptx 319 : 122464 883872 0 0 0 0 0 0 0 
_3.ptx 319 : 659712 58528 0 0 0 0 0 0 172 
_3.ptx 321 : 650080 12381456 0 0 0 0 0 0 0 
_3.ptx 322 : 650080 7372504 0 0 0 0 0 0 0 
_3.ptx 323 : 650080 7204000 0 0 0 0 0 0 0 
_3.ptx 324 : 650080 4659408 0 0 0 0 0 0 0 
_5.ptx 325 : 122464 1294912 489856 0 0 3827 3827 0 0 
_3.ptx 325 : 650080 6762584 0 0 0 0 0 0 0 
_3.ptx 326 : 650080 7197488 0 0 0 0 0 0 0 
_5.ptx 327 : 122464 1255456 489856 0 0 3827 3827 0 0 
_3.ptx 327 : 650080 297620648 2600832 0 0 96167 20444 0 0 
_5.ptx 328 : 122464 1408384 0 0 0 0 0 0 0 
_3.ptx 328 : 650080 26069704 0 0 0 0 0 0 0 
_5.ptx 329 : 122464 1428224 0 0 0 0 0 0 0 
_3.ptx 329 : 650080 4629992 0 0 0 0 0 0 0 
_5.ptx 330 : 122464 1434880 0 0 0 0 0 0 0 
_3.ptx 330 : 650080 6688320 0 0 0 0 0 0 0 
_5.ptx 331 : 122464 1071744 0 0 0 0 0 0 0 
_3.ptx 331 : 650080 7196560 0 0 0 0 0 0 0 
_5.ptx 332 : 122464 0 0 0 0 0 0 0 0 
_3.ptx 332 : 650080 44124136 5888 0 0 24179 20444 0 0 
_3.ptx 333 : 650080 7172296 0 0 0 0 0 0 0 
_3.ptx 334 : 650080 36738232 0 0 0 96167 20444 0 0 
_5.ptx 335 : 122880 884192 0 0 0 0 0 0 0 
_3.ptx 337 : 659712 3980128 0 0 0 0 0 0 0 
